3.928167731165885925e+02 4.470238003134283100e-02 4.472225634131032912e-02
3.928168728947639465e+02 4.466061991915759588e-02 4.467800729125585846e-02
3.928169726729393005e+02 4.464992082919115590e-02 4.466042297338132516e-02
3.928170724511146545e+02 4.466262971101921109e-02 4.467653635155365011e-02
3.928171722292900085e+02 4.467507128077191636e-02 4.468385432850324052e-02
3.928172720074653625e+02 4.468684291993851865e-02 4.468614191254048629e-02
3.928173717856407166e+02 4.469324521309500642e-02 4.469438204126778558e-02
3.928174715638160706e+02 4.471498330832005680e-02 4.472232534404316229e-02
3.928175713419914246e+02 4.472112818981971438e-02 4.472205294362918693e-02
3.928176711201667786e+02 4.473252361164384988e-02 4.472473352801703550e-02
3.928177708983421326e+02 4.472463955051067530e-02 4.471880006936845842e-02
3.928178706765174866e+02 4.469833404603835991e-02 4.471303319155464640e-02
3.928179704546928406e+02 4.469722189507979726e-02 4.470859731292720074e-02
3.928180702328681946e+02 4.467840773365479995e-02 4.468651652160988974e-02
3.928181700110435486e+02 4.467148401645593819e-02 4.466975384576114816e-02
3.928182697892189026e+02 4.465879823561850342e-02 4.466212853852272874e-02
3.928183695673942566e+02 4.466204558426840193e-02 4.465273131339400625e-02
3.928184693455696106e+02 4.467349710887741354e-02 4.465869704355272807e-02
3.928185691237449646e+02 4.468684622004999440e-02 4.469020047434536791e-02
3.928186689019203186e+02 4.470964696399983007e-02 4.471031391975274077e-02
3.928187686800956726e+02 4.471128383908470894e-02 4.470671125124120460e-02
3.928188684582710266e+02 4.471125413748988642e-02 4.472126484984480232e-02
3.928189682364463806e+02 4.471144224635792419e-02 4.471237928966267927e-02
3.928190680146217346e+02 4.469160173764322175e-02 4.471334119180392364e-02
3.928191677927970886e+02 4.465836921567893636e-02 4.466671246540737661e-02
3.928192675709724426e+02 4.462250977452118100e-02 4.463478520536519334e-02
3.928193673491477966e+02 4.462557561444746579e-02 4.463963810853709135e-02
3.928194671273231506e+02 4.465674554147758268e-02 4.465734224660622420e-02
3.928195669054985046e+02 4.466750073410152844e-02 4.467045069125977902e-02
3.928196666836738586e+02 4.470043294215102214e-02 4.470068158103791822e-02
3.928197664618492126e+02 4.471959031937162293e-02 4.473266526888954042e-02
3.928198662400245667e+02 4.470280575079303709e-02 4.470557539312781936e-02
3.928199660181999207e+02 4.469312970794526996e-02 4.469546615203005835e-02
3.928200657963752747e+02 4.468578357166289039e-02 4.468982961482646787e-02
3.928201655745506287e+02 4.464789783663993677e-02 4.466049812081994419e-02
3.928202653527259827e+02 4.464295091051197900e-02 4.463484997842047386e-02
3.928203651309013367e+02 4.463072055018089956e-02 4.462593143662738071e-02
3.928204649090766907e+02 4.462222596127828761e-02 4.462423812561688158e-02
3.928205646872520447e+02 4.462452286620733483e-02 4.462434924138670989e-02
3.928206644654273987e+02 4.463421210995852095e-02 4.463611634343320200e-02
3.928207642436027527e+02 4.464608935383675148e-02 4.464225614973009459e-02
3.928208640217781067e+02 4.465581489900460888e-02 4.466231822401071916e-02
3.928209637999534607e+02 4.467372811937973809e-02 4.467235759901036496e-02
3.928210635781288147e+02 4.467348390849987944e-02 4.466368057898077032e-02
3.928211633563041687e+02 4.467054677387681527e-02 4.466984118357755773e-02
3.928212631344795227e+02 4.467186023382378746e-02 4.467903049458572806e-02
3.928213629126548767e+02 4.467198893977551710e-02 4.469850996788039127e-02
3.928214626908302307e+02 4.467827902772075060e-02 4.468981350189464574e-02
3.928215624690055847e+02 4.469163143929011373e-02 4.469463303796077092e-02
3.928216622471809387e+02 4.470760417065076930e-02 4.469991164199352968e-02
3.928217620253562927e+02 4.470801998958703199e-02 4.471180107118780112e-02
3.928218618035316467e+02 4.472896934909431632e-02 4.472693973258205086e-02
3.928219615817070007e+02 4.473595906900018626e-02 4.472532852626187605e-02
3.928220613598823547e+02 4.473039171396671343e-02 4.474273202584956588e-02
3.928221611380577087e+02 4.472897264926845029e-02 4.473050307407160781e-02
3.928222609162330627e+02 4.472166611478504972e-02 4.475063236474685624e-02
3.928223606944084167e+02 4.475567087167817149e-02 4.476007953361036545e-02
3.928224604725837708e+02 4.474475397152484490e-02 4.474532255190670493e-02
3.928225602507591248e+02 4.475405379763316288e-02 4.476175832157805456e-02
3.928226600289344788e+02 4.477465994131470811e-02 4.476812026989930582e-02
3.928227598071098328e+02 4.478675829546104742e-02 4.479736188413073472e-02
3.928228595852851868e+02 4.479169532144215704e-02 4.479728142756869702e-02
3.928229593634605408e+02 4.481049958272816797e-02 4.482070343730730488e-02
3.928230591416358948e+02 4.482257153580118669e-02 4.483695290578772197e-02
3.928231589198112488e+02 4.482814219091793562e-02 4.483124869113773447e-02
3.928232586979866028e+02 4.484290046665984769e-02 4.484057940210035842e-02
3.928233584761619568e+02 4.486098529459543044e-02 4.488256228259604463e-02
3.928234582543373108e+02 4.486346040823786796e-02 4.486823171214303352e-02
3.928235580325126648e+02 4.488532060956183789e-02 4.489646589853145409e-02
3.928236578106880188e+02 4.488572982851130044e-02 4.488616570111173681e-02
3.928237575888633728e+02 4.489062725278622490e-02 4.490356186915238357e-02
3.928238573670387268e+02 4.491605821753822531e-02 4.491723288323780372e-02
3.928239571452140808e+02 4.489210242024235797e-02 4.491799277991170847e-02
3.928240569233894348e+02 4.489890733201581940e-02 4.491387616216793721e-02
3.928241567015647888e+02 4.486922577245484184e-02 4.488486111438629023e-02
3.928242564797401428e+02 4.485457640133387602e-02 4.485768430870824830e-02
3.928243562579154968e+02 4.484995618977938303e-02 4.485348137364818244e-02
3.928244560360908508e+02 4.483325082474125256e-02 4.484564363350895810e-02
3.928245558142662048e+02 4.481413304909317302e-02 4.482654586490079224e-02
3.928246555924415588e+02 4.481018936862425639e-02 4.481792376383456067e-02
3.928247553706169128e+02 4.480133836309148354e-02 4.481983890996070474e-02
3.928248551487922668e+02 4.477443883120363344e-02 4.479199465285948339e-02
3.928249549269676208e+02 4.476338002461312249e-02 4.479173234784381702e-02
3.928250547051429749e+02 4.476061779832431892e-02 4.477452222315592145e-02
3.928251544833183289e+02 4.473634188635691733e-02 4.473907275910232739e-02
3.928252542614936829e+02 4.471580834596308729e-02 4.471592411406900142e-02
3.928253540396690369e+02 4.468408069360317592e-02 4.470188256834768670e-02
3.928254538178443909e+02 4.470580558820199529e-02 4.470636130619549953e-02
3.928255535960197449e+02 4.468343716398321536e-02 4.470850233355370962e-02
3.928256533741950989e+02 4.469419235657164091e-02 4.472387042571598914e-02
3.928257531523704529e+02 4.472461314936500287e-02 4.473281303419961163e-02
3.928258529305458069e+02 4.471111883168688017e-02 4.474169458990932130e-02
3.928259527087211609e+02 4.476186525540133687e-02 4.476836289798723917e-02
3.928260524868965149e+02 4.476922459225646939e-02 4.478490630315971888e-02
3.928261522650718689e+02 4.478627977342809069e-02 4.478053620469596430e-02
3.928262520432472229e+02 4.480459231188490404e-02 4.481727515145746132e-02
3.928263518214225769e+02 4.479532878784959343e-02 4.481385323314550362e-02
3.928264515995979309e+02 4.479494597024263197e-02 4.482274078437628595e-02
3.928265513777732849e+02 4.480351316284118118e-02 4.480707496823911618e-02
3.928266511559486389e+02 4.480033511705291960e-02 4.481922852070759078e-02
3.928267509341239929e+02 4.477514836383203467e-02 4.481710683868352085e-02
3.928268507122993469e+02 4.479821642023440464e-02 4.481706939966349085e-02
3.928269504904747009e+02 4.478327993625827452e-02 4.480289402528067622e-02
3.928270502686500549e+02 4.475779286888501712e-02 4.480073343336266056e-02
3.928271500468254089e+02 4.478273211096907291e-02 4.479688498178717448e-02
3.928272498250007629e+02 4.476941270115157578e-02 4.479312700415505333e-02
3.928273496031761169e+02 4.477639912084672991e-02 4.479498735347078875e-02
3.928274493813514709e+02 4.477832970961290182e-02 4.479009187395117941e-02
3.928275491595268250e+02 4.476866356677820791e-02 4.478952070343952818e-02
3.928276489377021790e+02 4.476594424188497234e-02 4.478788384175513837e-02
3.928277487158775330e+02 4.476699699051016335e-02 4.480123089621695226e-02
3.928278484940528870e+02 4.476544921971208069e-02 4.479494707151923660e-02
3.928279482722282410e+02 4.475556856675827477e-02 4.479540997584538498e-02
3.928280480504035950e+02 4.477851121772359611e-02 4.479286462012930375e-02
3.928281478285789490e+02 4.475480293191679698e-02 4.479241528784489584e-02
3.928282476067543030e+02 4.476702999178139297e-02 4.479732575747003703e-02
3.928283473849296570e+02 4.476305660994711610e-02 4.477688464757503817e-02
3.928284471631050110e+02 4.475535735726957065e-02 4.480217733298081512e-02
3.928285469412803650e+02 4.477096707213022719e-02 4.478261775632975256e-02
3.928286467194557190e+02 4.476960740987397797e-02 4.481666154772984134e-02
3.928287464976310730e+02 4.477720435787997666e-02 4.480460981671561399e-02
3.928288462758064270e+02 4.479485686627489999e-02 4.482346886149692067e-02
3.928289460539817810e+02 4.476771642321469846e-02 4.480577586289062608e-02
3.928290458321571350e+02 4.480265182323560358e-02 4.482825466340754211e-02
3.928291456103324890e+02 4.480094894521384485e-02 4.482200419347481812e-02
3.928292453885078430e+02 4.479833192565274569e-02 4.484171218591118113e-02
3.928293451666831970e+02 4.478985383703987244e-02 4.483016614263438809e-02
3.928294449448585510e+02 4.481048308220780818e-02 4.483869252803020233e-02
3.928295447230339050e+02 4.480071793437973016e-02 4.484598596416505822e-02
3.928296445012092590e+02 4.477143239358345739e-02 4.483667290653916421e-02
3.928297442793846130e+02 4.478358355010937653e-02 4.483822444956479802e-02
3.928298440575599670e+02 4.478471880185157239e-02 4.484270443677317031e-02
3.928299438357353210e+02 4.478831926718168654e-02 4.484232856144235863e-02
3.928300436139106750e+02 4.478265620757203302e-02 4.484523179842889867e-02
3.928301433920860291e+02 4.478606526367212570e-02 4.484171163134677979e-02
3.928302431702613831e+02 4.479266886615511367e-02 4.482587203653996821e-02
3.928303429484367371e+02 4.477144559409118596e-02 4.483746550063866937e-02
3.928304427266120911e+02 4.479000564395918538e-02 4.482281384816339670e-02
3.928305425047874451e+02 4.476781872796720824e-02 4.483770303715738093e-02
3.928306422829627991e+02 4.476433706854297118e-02 4.484245322611908613e-02
3.928307420611381531e+02 4.476231407589431610e-02 4.482959343170624111e-02
3.928308418393135071e+02 4.475609989152957990e-02 4.482394816256024539e-02
3.928309416174888611e+02 4.474517969125321737e-02 4.481891649678382272e-02
3.928310413956642151e+02 4.477312537083089072e-02 4.484206577264768234e-02
3.928311411738395691e+02 4.473637488817604202e-02 4.480753617412987222e-02
3.928312409520149231e+02 4.475073054525834093e-02 4.484570333010784449e-02
3.928313407301902771e+02 4.472551079056452661e-02 4.481166300415992398e-02
3.928314405083656311e+02 4.473630888526970717e-02 4.481401403886197538e-02
3.928315402865409851e+02 4.471126733825697697e-02 4.481248903724323329e-02
3.928316400647163391e+02 4.470283545216703625e-02 4.479613508151510104e-02
3.928317398428916931e+02 4.467351360962795725e-02 4.476465068854383611e-02
3.928318396210670471e+02 4.465973217854594252e-02 4.475303770280084775e-02
3.928319393992424011e+02 4.461995215728217085e-02 4.473828000480643829e-02
3.928320391774177551e+02 4.461448710689643049e-02 4.473700611168239527e-02
3.928321389555931091e+02 4.461144106748092530e-02 4.475393808944334861e-02
3.928322387337684631e+02 4.462181014230147402e-02 4.473886786419815215e-02
3.928323385119438171e+02 4.462678677010074174e-02 4.474629568871130864e-02
3.928324382901191711e+02 4.461939443152322660e-02 4.475790794005347212e-02
3.928325380682945251e+02 4.462559541540479791e-02 4.474180137828587950e-02
3.928326378464698792e+02 4.461986305287705956e-02 4.474079056122409748e-02
3.928327376246452332e+02 4.460504867469178292e-02 4.474733883047343763e-02
3.928328374028205872e+02 4.459185797088172087e-02 4.471722555560847523e-02
3.928329371809959412e+02 4.457138383345012056e-02 4.471393478983312630e-02
3.928330369591712952e+02 4.456660521480692444e-02 4.471654109045734848e-02
3.928331367373466492e+02 4.455676086394833729e-02 4.470065163220372784e-02
3.928332365155220032e+02 4.456925193587638057e-02 4.470034021612391550e-02
3.928333362936973572e+02 4.456917603244611031e-02 4.472233910090324394e-02
3.928334360718727112e+02 4.456094215534490977e-02 4.472692072779241301e-02
3.928335358500480652e+02 4.455934488233645463e-02 4.472200288676181357e-02
3.928336356282234192e+02 4.454326324618090166e-02 4.471434723469098343e-02
3.928337354063987732e+02 4.454386387371689349e-02 4.470687934076881392e-02
3.928338351845741272e+02 4.453351459986260030e-02 4.469919014733098050e-02
3.928339349627494812e+02 4.454531594002124339e-02 4.471352233876352972e-02
3.928340347409248352e+02 4.454709472153121214e-02 4.471724039411963114e-02
3.928341345191001892e+02 4.454239200607049837e-02 4.471460813440579496e-02
3.928342342972755432e+02 4.454822997346405411e-02 4.472471041219672205e-02
3.928343340754508972e+02 4.454452390373978693e-02 4.471511951778316118e-02
3.928344338536262512e+02 4.453302947766134279e-02 4.471377672932072556e-02
3.928345336318016052e+02 4.453584120640727284e-02 4.471321929112694049e-02
3.928346334099769592e+02 4.452214887952783695e-02 4.469383653603552914e-02
3.928347331881523132e+02 4.452711890710193271e-02 4.470929218723581483e-02
3.928348329663276672e+02 4.450956870378139363e-02 4.471187056272635935e-02
3.928349327445030212e+02 4.452557113618976076e-02 4.469932705640947829e-02
3.928350325226783752e+02 4.451960776320783297e-02 4.470166338995902600e-02
3.928351323008537292e+02 4.453720086847901688e-02 4.471308450822550351e-02
3.928352320790290833e+02 4.452759412893599750e-02 4.471654598214368226e-02
3.928353318572044373e+02 4.449910722487565584e-02 4.469770703564901471e-02
3.928354316353797913e+02 4.449719973771200376e-02 4.469001894139111586e-02
3.928355314135551453e+02 4.448866884692664891e-02 4.469952109197096457e-02
3.928356311917304993e+02 4.449136837031981290e-02 4.470038340529851328e-02
3.928357309699058533e+02 4.448554360384944506e-02 4.469242953079818892e-02
3.928358307480812073e+02 4.447698301223194928e-02 4.466377013061425399e-02
3.928359305262565613e+02 4.447554084605594149e-02 4.466411623838968670e-02
3.928360303044319153e+02 4.448399583303647847e-02 4.468209553943967155e-02
3.928361300826072693e+02 4.450798133102056020e-02 4.469064354007998285e-02
3.928362298607826233e+02 4.451818539822924303e-02 4.470353072922868959e-02
3.928363296389579773e+02 4.452363724777634590e-02 4.470731888524724640e-02
3.928364294171333313e+02 4.450534121006096550e-02 4.470384184648962256e-02
3.928365291953086853e+02 4.449765515794966431e-02 4.469952993738585123e-02
3.928366289734840393e+02 4.448639174269143626e-02 4.467741272732957819e-02
3.928367287516593933e+02 4.449763865737615953e-02 4.468808292989976533e-02
3.928368285298347473e+02 4.450332151750305276e-02 4.467797693800217018e-02
3.928369283080101013e+02 4.447725032416434410e-02 4.465890487400063502e-02
3.928370280861854553e+02 4.447404257736893574e-02 4.467008933867569476e-02
3.928371278643608093e+02 4.449885971321083933e-02 4.469083162064375891e-02
3.928372276425361633e+02 4.452171325977182653e-02 4.470485258570582737e-02
3.928373274207115173e+02 4.451986517506563434e-02 4.469751545516492675e-02
3.928374271988868713e+02 4.450633125537721557e-02 4.468436893738710752e-02
3.928375269770622253e+02 4.452062090946371647e-02 4.468586490972784042e-02
3.928376267552375793e+02 4.451590829382716386e-02 4.469180454938569136e-02
3.928377265334129333e+02 4.452877888296304099e-02 4.471258617687672021e-02
3.928378263115882874e+02 4.453801600585437226e-02 4.470649501776909063e-02
3.928379260897636414e+02 4.453466965284164081e-02 4.470964398733773271e-02
3.928380258679389954e+02 4.454371536694134992e-02 4.470433827927786097e-02
3.928381256461143494e+02 4.455187334004551136e-02 4.470761798205061255e-02
3.928382254242897034e+02 4.455983000454311060e-02 4.471584696594525093e-02
3.928383252024650574e+02 4.456443041501879920e-02 4.471424683305925268e-02
3.928384249806404114e+02 4.458592429913815769e-02 4.471374147426329659e-02
3.928385247588157654e+02 4.456309715423743129e-02 4.472367852638464009e-02
3.928386245369911194e+02 4.459060061325956226e-02 4.472013839220841114e-02
3.928387243151664734e+02 4.457322531806116872e-02 4.472192321246501456e-02
3.928388240933418274e+02 4.457640666349239889e-02 4.469684932161938073e-02
3.928389238715171814e+02 4.457568723048767334e-02 4.470212948580767898e-02
3.928390236496925354e+02 4.458107637716303417e-02 4.470032996744290055e-02
3.928391234278678894e+02 4.457242668140847658e-02 4.469031247986065408e-02
3.928392232060432434e+02 4.456922553499598205e-02 4.468475771632415827e-02
3.928393229842185974e+02 4.458460753880404137e-02 4.469087812952599742e-02
3.928394227623939514e+02 4.457529781276288461e-02 4.469224773371113790e-02
3.928395225405693054e+02 4.459547163616617987e-02 4.470166646562132029e-02
3.928396223187446594e+02 4.459147515343670626e-02 4.469572979939932800e-02
3.928397220969200134e+02 4.457275669643800259e-02 4.468467960722743298e-02
3.928398218750953674e+02 4.456869091028226038e-02 4.467787402547797326e-02
3.928399216532707214e+02 4.456900442476464247e-02 4.467506197621587405e-02
3.928400214314460754e+02 4.458973927380188718e-02 4.467925256104415127e-02
3.928401212096214294e+02 4.458540287526838175e-02 4.468449377381095156e-02
3.928402209877967834e+02 4.462150322821164389e-02 4.469536259582777143e-02
3.928403207659721375e+02 4.460323689162958710e-02 4.467999787312350313e-02
3.928404205441474915e+02 4.460921346545676514e-02 4.470740221415968330e-02
3.928405203223228455e+02 4.460724657525169667e-02 4.468565448410412311e-02
3.928406201004981995e+02 4.462362192513613657e-02 4.469501394057530386e-02
3.928407198786735535e+02 4.462296519486183555e-02 4.468664381949837006e-02
3.928408196568489075e+02 4.460460645444891403e-02 4.466231981725649058e-02
3.928409194350242615e+02 4.460147461105461175e-02 4.467564762369408138e-02
3.928410192131996155e+02 4.460104559151371884e-02 4.466423227054965028e-02
3.928411189913749695e+02 4.460047796551284971e-02 4.466985391050287690e-02
3.928412187695503235e+02 4.459114183790587049e-02 4.464389255116825439e-02
3.928413185477256775e+02 4.462021616899773668e-02 4.466742493626921218e-02
3.928414183259010315e+02 4.459661348851708812e-02 4.466875742116251796e-02
3.928415181040763855e+02 4.460798910932500111e-02 4.467648148205814740e-02
3.928416178822517395e+02 4.463346957593945091e-02 4.467296545432429544e-02
3.928417176604270935e+02 4.462432815737724101e-02 4.468551482782955053e-02
3.928418174386024475e+02 4.463959795662814783e-02 4.468280818727187603e-02
3.928419172167778015e+02 4.465107918241156826e-02 4.470767397568659735e-02
3.928420169949531555e+02 4.463945935004200172e-02 4.468280739965346804e-02
3.928421167731285095e+02 4.465299987020457384e-02 4.470255176295950816e-02
3.928422165513038635e+02 4.465523407227965647e-02 4.470077326707049686e-02
3.928423163294792175e+02 4.465760688124979089e-02 4.469702000806859143e-02
3.928424161076545715e+02 4.464362414093716452e-02 4.467813389869612628e-02
3.928425158858299255e+02 4.464641276843953760e-02 4.470126868602304626e-02
3.928426156640052795e+02 4.464684838870025541e-02 4.469163601219169196e-02
3.928427154421806335e+02 4.464897698610882648e-02 4.469619167522466407e-02
3.928428152203559875e+02 4.463927124121357115e-02 4.467315920746732505e-02
3.928429149985313416e+02 4.462615974103835426e-02 4.465698737896438286e-02
3.928430147767066956e+02 4.461034541757633726e-02 4.465089503902042872e-02
3.928431145548820496e+02 4.462501128876748824e-02 4.466008597831098298e-02
3.928432143330574036e+02 4.462343051662953641e-02 4.466522353083447749e-02
3.928433141112327576e+02 4.462281998808975692e-02 4.466445683755612683e-02
3.928434138894081116e+02 4.464943900715202807e-02 4.468944377905813281e-02
3.928435136675834656e+02 4.466334914392473820e-02 4.468303734713165859e-02
3.928436134457588196e+02 4.467317369411262507e-02 4.471013839932096168e-02
3.928437132239341736e+02 4.469827464325184380e-02 4.472795487662181713e-02
3.928438130021095276e+02 4.469747930694340649e-02 4.473345828263556451e-02
3.928439127802848816e+02 4.471868937836587232e-02 4.474236637601211597e-02
3.928440125584602356e+02 4.471368634906885964e-02 4.475398283030683488e-02
3.928441123366355896e+02 4.469838024822316014e-02 4.472521605824399116e-02
3.928442121148109436e+02 4.471060400760131642e-02 4.473940443830683178e-02
3.928443118929862976e+02 4.469369403382805750e-02 4.473420841919539814e-02
3.928444116711616516e+02 4.469492168968453721e-02 4.473997778790228530e-02
3.928445114493370056e+02 4.469759481224620801e-02 4.473515189219556820e-02
3.928446112275123596e+02 4.469610644404690969e-02 4.472395754828370484e-02
3.928447110056877136e+02 4.469450257079900235e-02 4.471071538105523407e-02
3.928448107838630676e+02 4.469551901707869562e-02 4.473292544420803818e-02
3.928449105620384216e+02 4.470696394135113827e-02 4.471591464953530992e-02
3.928450103402137756e+02 4.470392780248615139e-02 4.472138178312309864e-02
3.928451101183891296e+02 4.468806397587590795e-02 4.471580381973939977e-02
3.928452098965644836e+02 4.468433480489523990e-02 4.472735221689665142e-02
3.928453096747398376e+02 4.467259946780828550e-02 4.470274488717523864e-02
3.928454094529151917e+02 4.469736380186239283e-02 4.471917326206708426e-02
3.928455092310905457e+02 4.469818553923899512e-02 4.473181032532085044e-02
3.928456090092658997e+02 4.468231181244181061e-02 4.470605038872044884e-02
3.928457087874412537e+02 4.471244549230571352e-02 4.471336385875404607e-02
3.928458085656166077e+02 4.469441346646720048e-02 4.472267424368406991e-02
3.928459083437919617e+02 4.472317098335731878e-02 4.473585171768398872e-02
3.928460081219673157e+02 4.472281126672163903e-02 4.474556615710271329e-02
3.928461079001426697e+02 4.475632760175279889e-02 4.477851453118354003e-02
3.928462076783180237e+02 4.474859204764349702e-02 4.476483324860472401e-02
3.928463074564933777e+02 4.475289874478442786e-02 4.477414940836780405e-02
3.928464072346687317e+02 4.473812726830745518e-02 4.474103027030149060e-02
3.928465070128440857e+02 4.476682208261893031e-02 4.477080671206668666e-02
3.928466067910194397e+02 4.476747881250196098e-02 4.478943720935978784e-02
3.928467065691947937e+02 4.476439977144772153e-02 4.478625511540798576e-02
3.928468063473701477e+02 4.479744418481866608e-02 4.480990180256427813e-02
3.928469061255455017e+02 4.479655974425536535e-02 4.482372491114500201e-02
3.928470059037208557e+02 4.480465831533456122e-02 4.482463122457416155e-02
3.928471056818962097e+02 4.482484203948468304e-02 4.485678625464369074e-02
3.928472054600715637e+02 4.485505492319319387e-02 4.483298604643655427e-02
3.928473052382469177e+02 4.486256606756160170e-02 4.487642338559121036e-02
3.928474050164222717e+02 4.485457310127305419e-02 4.487015448662787231e-02
3.928475047945976257e+02 4.487957504653837526e-02 4.490027704835169303e-02
3.928476045727729797e+02 4.489357098777005395e-02 4.488976039249563399e-02
3.928477043509483337e+02 4.488564072435410890e-02 4.489040690671293465e-02
3.928478041291236877e+02 4.487656860866842679e-02 4.487817587658972374e-02
3.928479039072990417e+02 4.487509014101849492e-02 4.488028883010056203e-02
3.928480036854743958e+02 4.484706195716782473e-02 4.485545483266256683e-02
3.928481034636497498e+02 4.482136368010247729e-02 4.481995962689598600e-02
3.928482032418251038e+02 4.481447956484646555e-02 4.483155161174104397e-02
3.928483030200004578e+02 4.477676873746524316e-02 4.478833389859843139e-02
3.928484027981758118e+02 4.476836985345975656e-02 4.476378510450591819e-02
3.928485025763511658e+02 4.472844462465645765e-02 4.471804229443215872e-02
3.928486023545265198e+02 4.469098790963003248e-02 4.471019003937740099e-02
3.928487021327018738e+02 4.466876799213453930e-02 4.468042689625849329e-02
3.928488019108772278e+02 4.466043511046494108e-02 4.465608786591040991e-02
3.928489016890525818e+02 4.465012543850778448e-02 4.465329364481986085e-02
3.928490014672279358e+02 4.464757442179373426e-02 4.465347915015897839e-02
3.928491012454032898e+02 4.464017878311993259e-02 4.465801872145745699e-02
3.928492010235786438e+02 4.464602005053883854e-02 4.465201383667306845e-02
3.928493008017539978e+02 4.463100436317039149e-02 4.463522300622919936e-02
3.928494005799293518e+02 4.461605137854363773e-02 4.463422356407698716e-02
3.928495003581047058e+02 4.460620702786340097e-02 4.462540871824571820e-02
3.928496001362800598e+02 4.463604039360518499e-02 4.463886600813622707e-02
3.928496999144554138e+02 4.463293165145612584e-02 4.465277652815998616e-02
3.928497996926307678e+02 4.462418295071505364e-02 4.464569883311762799e-02
3.928498994708061218e+02 4.462373743037913176e-02 4.461774581550654456e-02
3.928499992489814758e+02 4.463611629695289629e-02 4.465110049879046639e-02
3.928500990271568298e+02 4.463904683126361517e-02 4.463922275634581160e-02
3.928501988053321838e+02 4.463178649911640761e-02 4.463146037468750799e-02
3.928502985835075378e+02 4.464899018647517509e-02 4.464847907930485221e-02
3.928503983616828918e+02 4.464983832520892648e-02 4.465568315401793192e-02
3.928504981398582458e+02 4.465283156247704111e-02 4.465957757329883093e-02
3.928505979180335999e+02 4.464977232247759747e-02 4.465899436953148921e-02
3.928506976962089539e+02 4.465331338463688488e-02 4.465815905163381117e-02
3.928507974743843079e+02 4.465545848304601495e-02 4.465027179097944693e-02
3.928508972525596619e+02 4.467642764295266800e-02 4.465890038356363362e-02
3.928509970307350159e+02 4.469417585559865014e-02 4.469284870449088259e-02
3.928510968089103699e+02 4.469778292071349690e-02 4.469119443072255837e-02
3.928511965870857239e+02 4.468983285660553528e-02 4.467440657850390434e-02
3.928512963652610779e+02 4.468594527889796497e-02 4.468239129831851064e-02
3.928513961434364319e+02 4.467908426469143629e-02 4.467231200960363607e-02
3.928514959216117859e+02 4.464665367978764426e-02 4.466741817586523944e-02
3.928515956997871399e+02 4.465404271787962176e-02 4.465347950650942060e-02
3.928516954779624939e+02 4.464833675671081581e-02 4.465093574051050285e-02
3.928517952561378479e+02 4.466392667045582937e-02 4.466603773044149073e-02
3.928518950343132019e+02 4.467306478904778388e-02 4.467292567241443191e-02
3.928519948124885559e+02 4.466832907218358517e-02 4.468898637060292334e-02
3.928520945906639099e+02 4.467702166988658796e-02 4.469928112834399558e-02
3.928521943688392639e+02 4.469604704149833518e-02 4.468969393514394400e-02
3.928522941470146179e+02 4.467589631881246220e-02 4.467909671566291929e-02
3.928523939251899719e+02 4.466387386795489522e-02 4.466813169697916863e-02
3.928524937033653259e+02 4.462639735210713332e-02 4.463637998056722150e-02
3.928525934815406799e+02 4.461712062759608244e-02 4.462472276559517614e-02
3.928526932597160339e+02 4.466357685445111747e-02 4.465454706311976912e-02
3.928527930378913879e+02 4.467457295831907260e-02 4.468711406868720870e-02
3.928528928160667419e+02 4.470911233982988175e-02 4.472121190341407648e-02
3.928529925942420959e+02 4.470914534118149153e-02 4.469252067527483552e-02
3.928530923724174500e+02 4.470538646903511604e-02 4.469930989860515513e-02
3.928531921505928040e+02 4.467760909689334065e-02 4.468029057159806500e-02
3.928532919287681580e+02 4.466935871924525292e-02 4.466032496250021966e-02
3.928533917069435120e+02 4.465524067284969839e-02 4.466394114867547338e-02
3.928534914851188660e+02 4.464887138120342269e-02 4.464651960346752158e-02
3.928535912632942200e+02 4.466269901461658587e-02 4.465284648341850265e-02
3.928536910414695740e+02 4.464427757071098846e-02 4.463881621046107695e-02
3.928537908196449280e+02 4.462489578364223219e-02 4.462969852527583214e-02
3.928538905978202820e+02 4.465818770781498914e-02 4.466396809159083048e-02
3.928539903759956360e+02 4.465661023575757949e-02 4.467541862539314845e-02
3.928540901541709900e+02 4.468748314933644605e-02 4.469917803773103271e-02
3.928541899323463440e+02 4.467473796560234023e-02 4.466957861274703512e-02
3.928542897105216980e+02 4.466186407620813259e-02 4.468186545844723967e-02
3.928543894886970520e+02 4.465063366194754746e-02 4.466730208468970564e-02
3.928544892668724060e+02 4.464617845803292573e-02 4.466339675949003440e-02
3.928545890450477600e+02 4.465879493543185863e-02 4.466434763709607736e-02
3.928546888232231140e+02 4.464946870857604277e-02 4.464402226736743917e-02
3.928547886013984680e+02 4.464562733268810646e-02 4.463884856998151518e-02
3.928548883795738220e+02 4.464876907645650567e-02 4.466025233440705511e-02
3.928549881577491760e+02 4.467195923873675673e-02 4.465576466529874722e-02
3.928550879359245300e+02 4.468626539336494757e-02 4.469366514102999371e-02
3.928551877140998840e+02 4.467053357324361762e-02 4.467566517926063741e-02
3.928552874922752380e+02 4.463816569119918171e-02 4.464699975947609978e-02
3.928553872704505920e+02 4.465178211466323821e-02 4.464563210379839109e-02
3.928554870486259460e+02 4.466206208508309572e-02 4.465631744168738204e-02
3.928555868268013000e+02 4.466323363874834251e-02 4.465468158880590843e-02
3.928556866049766541e+02 4.467371161860898832e-02 4.467251905231094111e-02
3.928557863831520081e+02 4.465901604571090311e-02 4.466072961991600365e-02
3.928558861613273621e+02 4.468723233763502445e-02 4.467498311437949343e-02
3.928559859395027161e+02 4.466188057682310419e-02 4.467042985362866536e-02
3.928560857176780701e+02 4.466928611613174560e-02 4.467010311386864635e-02
3.928561854958534241e+02 4.467717347724961541e-02 4.468365113555231027e-02
3.928562852740287781e+02 4.466787695130911007e-02 4.466511778235652402e-02
3.928563850522041321e+02 4.466186077586812436e-02 4.466311300240963233e-02
3.928564848303794861e+02 4.465214513155332104e-02 4.465194461247767171e-02
3.928565846085548401e+02 4.464176285568925012e-02 4.463482484701521147e-02
3.928566843867301941e+02 4.464256149231873860e-02 4.463832214209827176e-02
