2.000000000000000000e+01 1.577719814789962580e-02 1.577910563365450200e-02
5.020000000000000000e+03 1.568761893403203614e-02 1.573323357790883115e-02
1.002000000000000000e+04 1.563937077259838770e-02 1.570715580908603817e-02
1.502000000000000000e+04 1.559096420381012212e-02 1.566687420443427237e-02
2.002000000000000000e+04 1.554396349895703112e-02 1.562088334372293066e-02
2.502000000000000000e+04 1.552688193351206905e-02 1.562826247490946285e-02
3.002000000000000000e+04 1.550481714595444184e-02 1.559883175630381175e-02
3.502000000000000000e+04 1.547168366220075947e-02 1.558625159291792024e-02
4.002000000000000000e+04 1.545925530529235550e-02 1.556196250492771632e-02
4.502000000000000000e+04 1.543771854151178985e-02 1.554235302656079010e-02
5.002000000000000000e+04 1.544212753907204562e-02 1.552515265647650723e-02
5.502000000000000000e+04 1.541288162967721122e-02 1.551412356260119252e-02
6.002000000000000000e+04 1.539222930526149349e-02 1.550712724937764776e-02
6.502000000000000000e+04 1.537304884643866075e-02 1.548671253542974711e-02
7.002000000000000000e+04 1.537405209168619773e-02 1.548797319173466844e-02
7.502000000000000000e+04 1.534736049698570519e-02 1.546085917744508507e-02
8.002000000000000000e+04 1.534490518673992630e-02 1.545124914744137531e-02
8.502000000000000000e+04 1.532573132892084584e-02 1.544526267940873193e-02
9.002000000000000000e+04 1.530716469765055696e-02 1.543725652095510881e-02
9.502000000000000000e+04 1.530800293584415502e-02 1.542606902005191384e-02
1.000200000000000000e+05 1.529887472682092686e-02 1.541418848794261567e-02
1.050200000000000000e+05 1.529168040489891842e-02 1.539515983616747928e-02
1.100200000000000000e+05 1.528395805943536835e-02 1.538904796264582882e-02
1.150200000000000000e+05 1.527377380390912594e-02 1.539753594283428499e-02
1.200200000000000000e+05 1.526316052872942614e-02 1.538770810250164947e-02
1.250200000000000000e+05 1.526672468850540955e-02 1.538549700390351091e-02
1.300200000000000000e+05 1.525206543247980065e-02 1.537032292428112956e-02
1.350200000000000000e+05 1.524425068263652282e-02 1.537168918602468265e-02
1.400200000000000000e+05 1.524003969449648672e-02 1.536010566724367934e-02
1.450200000000000000e+05 1.523134050523286889e-02 1.535522804891130064e-02
1.500200000000000000e+05 1.522219249621510270e-02 1.534971020186894942e-02
1.550200000000000000e+05 1.521928176531173356e-02 1.534476658078213172e-02
1.600200000000000000e+05 1.521128220811251465e-02 1.533173759744281377e-02
1.650200000000000000e+05 1.520630558510899406e-02 1.533001492060836503e-02
1.700200000000000000e+05 1.520775104988102144e-02 1.531428641645561986e-02
1.750200000000000000e+05 1.518152807692172909e-02 1.531647111423524790e-02
1.800200000000000000e+05 1.518143567257413361e-02 1.531880761886856950e-02
1.850200000000000000e+05 1.518309234673850643e-02 1.532251038461682029e-02
1.900200000000000000e+05 1.517342291420283908e-02 1.529769987459582772e-02
1.950200000000000000e+05 1.516318585627430063e-02 1.529927734512924811e-02
2.000200000000000000e+05 1.516451911597569563e-02 1.528689519103185006e-02
2.050200000000000000e+05 1.517057818666681795e-02 1.528516591328859565e-02
2.100200000000000000e+05 1.516194500093282285e-02 1.527927184989631183e-02
2.150200000000000000e+05 1.515061229384195678e-02 1.528090212293411153e-02
2.200200000000000000e+05 1.514652011090386260e-02 1.527869102376226175e-02
2.250200000000000000e+05 1.514828898988409937e-02 1.527657232913261914e-02
2.300200000000000000e+05 1.514628910079979067e-02 1.526182726910741902e-02
2.350200000000000000e+05 1.513363633429334887e-02 1.525955676761641018e-02
2.400200000000000000e+05 1.514267213897446153e-02 1.525519397248108547e-02
2.450200000000000000e+05 1.512697663683444486e-02 1.524981473167780557e-02
2.500200000000000000e+05 1.512955075195905087e-02 1.525584740172942523e-02
2.550200000000000000e+05 1.512896332555990243e-02 1.523359780623579837e-02
2.600200000000000000e+05 1.512438932095200826e-02 1.523732697336119789e-02
2.650200000000000000e+05 1.511506310379553963e-02 1.523238335164477097e-02
2.700200000000000000e+05 1.509942700461788627e-02 1.523651513672958334e-02
2.750200000000000000e+05 1.510542667291239760e-02 1.523505647100009165e-02
2.800200000000000000e+05 1.510095167294950129e-02 1.521742048254568630e-02
2.850200000000000000e+05 1.510360499157450097e-02 1.522947262168134960e-02
2.900200000000000000e+05 1.509912339107956879e-02 1.522882579246880551e-02
2.950200000000000000e+05 1.508553338331826248e-02 1.521103799728728244e-02
3.000200000000000000e+05 1.508984337612915248e-02 1.521871414010455420e-02
3.050200000000000000e+05 1.508089337596439129e-02 1.522408678045473855e-02
3.100200000000000000e+05 1.508601520530307438e-02 1.521423914013626637e-02
3.150200000000000000e+05 1.507571874437680336e-02 1.519813441961825363e-02
3.200200000000000000e+05 1.507469569845239048e-02 1.520311104232806992e-02
3.250200000000000000e+05 1.506895344214250788e-02 1.519648434569208749e-02
3.300200000000000000e+05 1.506965307308407061e-02 1.519212815080701190e-02
3.350200000000000000e+05 1.506873563237010397e-02 1.519124371129542544e-02
3.400200000000000000e+05 1.506065027090203179e-02 1.519837863067729014e-02
3.450200000000000000e+05 1.505381236497297694e-02 1.517955458843421243e-02
3.500200000000000000e+05 1.506329698897658324e-02 1.518644529718145113e-02
3.550200000000000000e+05 1.506393061757597268e-02 1.518134986901031880e-02
3.600200000000000000e+05 1.506244555109505917e-02 1.517366052474296290e-02
3.650200000000000000e+05 1.505061782213807341e-02 1.517156163114107004e-02
3.700200000000000000e+05 1.505096103748423605e-02 1.517422815031541083e-02
3.750200000000000000e+05 1.504269746802671184e-02 1.517651845251715564e-02
3.800200000000000000e+05 1.503396527744127811e-02 1.516481612915397507e-02
3.850200000000000000e+05 1.503606417148816050e-02 1.516414289922247451e-02
3.900200000000000000e+05 1.505117884743000477e-02 1.516033452892829279e-02
3.950200000000000000e+05 1.502827582334243135e-02 1.515801782543846343e-02
4.000200000000000000e+05 1.503890889871375112e-02 1.515814983121617325e-02
4.050200000000000000e+05 1.503844687803099905e-02 1.515209736054166749e-02
4.100200000000000000e+05 1.503385967267867329e-02 1.515834783983200859e-02
4.150200000000000000e+05 1.502517368416281252e-02 1.514087025804471479e-02
4.200200000000000000e+05 1.501883080100252163e-02 1.515126572302760537e-02
4.250200000000000000e+05 1.502515388360310677e-02 1.515098191059647235e-02
4.300200000000000000e+05 1.502968168600333360e-02 1.513626325193986183e-02
4.350200000000000000e+05 1.501683751161160540e-02 1.513089061200306035e-02
4.400200000000000000e+05 1.501520723911715927e-02 1.513245488164726045e-02
4.450200000000000000e+05 1.501815097038730791e-02 1.512874551584379723e-02
4.500200000000000000e+05 1.501234271079583335e-02 1.512751126055304762e-02
4.550200000000000000e+05 1.500840893480193984e-02 1.513092361310306409e-02
4.600200000000000000e+05 1.501958983438321169e-02 1.511631055980655440e-02
4.650200000000000000e+05 1.499563076351119462e-02 1.513257368706674363e-02
4.700200000000000000e+05 1.499415229780579756e-02 1.511236358342781666e-02
4.750200000000000000e+05 1.499881210592164150e-02 1.512147859080957210e-02
4.800200000000000000e+05 1.500176903817011104e-02 1.511642936538242984e-02
4.850200000000000000e+05 1.499297084505033482e-02 1.511326782358985918e-02
4.900200000000000000e+05 1.499206000416514022e-02 1.511015908450155307e-02
4.950200000000000000e+05 1.499147257794524422e-02 1.510343338393283462e-02
5.000200000000000000e+05 1.498939348501739446e-02 1.511275960136301139e-02
5.050200000000000000e+05 1.498108371377019667e-02 1.511541291967660912e-02
5.100200000000000000e+05 1.497652951007163481e-02 1.510520886354592592e-02
5.150200000000000000e+05 1.497726214257205299e-02 1.509293891439390280e-02
5.200200000000000000e+05 1.497975705425147984e-02 1.511005348017405506e-02
5.250200000000000000e+05 1.498970369884175535e-02 1.510340698274215826e-02
5.300200000000000000e+05 1.497895181793228517e-02 1.509591564734994763e-02
5.350200000000000000e+05 1.498547950988388978e-02 1.508730226259774598e-02
5.400200000000000000e+05 1.497555266644374009e-02 1.508016734368316895e-02
5.450200000000000000e+05 1.498014647137895818e-02 1.509087302219582274e-02
5.500200000000000000e+05 1.497572427347095003e-02 1.508150720352295290e-02
5.550200000000000000e+05 1.497190270322225694e-02 1.509437777885306795e-02
5.600200000000000000e+05 1.496791612466780164e-02 1.507736221805401275e-02
5.650200000000000000e+05 1.495919713527898466e-02 1.509270130435659552e-02
5.700200000000000000e+05 1.497398179599146797e-02 1.508835830981027949e-02
5.750200000000000000e+05 1.496014757762534515e-02 1.507401586851451515e-02
5.800200000000000000e+05 1.497151988624714943e-02 1.508008813999990767e-02
5.850200000000000000e+05 1.496250388320702167e-02 1.509203467411450103e-02
5.900200000000000000e+05 1.495332947288696875e-02 1.506643212928242791e-02
5.950200000000000000e+05 1.496759931059040566e-02 1.506841881822948946e-02
6.000200000000000000e+05 1.495598279145606349e-02 1.507004249084969126e-02
6.050200000000000000e+05 1.495952714996673198e-02 1.507072892165255140e-02
6.100200000000000000e+05 1.495088076321124393e-02 1.506396361925632470e-02
6.150200000000000000e+05 1.495478153794199509e-02 1.506211553600314730e-02
6.200200000000000000e+05 1.496373813793502178e-02 1.506202313213888568e-02
6.250200000000000000e+05 1.494765981933683999e-02 1.506488106000831648e-02
6.300200000000000000e+05 1.495553397144951113e-02 1.504852552875780500e-02
6.350200000000000000e+05 1.494218817493843388e-02 1.505440639150880562e-02
6.400200000000000000e+05 1.494980491530207602e-02 1.504741667909296164e-02
6.450200000000000000e+05 1.493469684015608263e-02 1.505385856689716965e-02
6.500200000000000000e+05 1.493495425136756073e-02 1.504975978380609751e-02
6.550200000000000000e+05 1.493176630873537837e-02 1.505429418655905224e-02
6.600200000000000000e+05 1.493176630908384442e-02 1.504328489440529514e-02
6.650200000000000000e+05 1.494719779863112885e-02 1.505396417149968552e-02
6.700200000000000000e+05 1.494719779904385600e-02 1.505041981325731804e-02
6.750200000000000000e+05 1.492894138276427973e-02 1.504228164967703375e-02
6.800200000000000000e+05 1.493197751833970008e-02 1.504230805095992281e-02
6.850200000000000000e+05 1.492655867628211140e-02 1.504292187824158959e-02
6.900200000000000000e+05 1.492808334457930777e-02 1.502665875094993421e-02
6.950200000000000000e+05 1.493421501837839498e-02 1.503861188546205818e-02
7.000200000000000000e+05 1.493840620584271570e-02 1.504175362579632941e-02
7.050200000000000000e+05 1.492976641956252938e-02 1.503428209165742074e-02
7.100200000000000000e+05 1.493796398593891586e-02 1.502577431150982530e-02
7.150200000000000000e+05 1.493757456885846588e-02 1.503332504881607981e-02
7.200200000000000000e+05 1.492773352903693264e-02 1.502801841174223815e-02
7.250200000000000000e+05 1.493544267315742406e-02 1.502921966532786216e-02
7.300200000000000000e+05 1.491995838136546577e-02 1.501841498246156079e-02
7.350200000000000000e+05 1.491475074868595097e-02 1.501989344859686396e-02
7.400200000000000000e+05 1.491626221586890393e-02 1.501810476829700154e-02
7.450200000000000000e+05 1.490779403771278801e-02 1.502100229794680469e-02
7.500200000000000000e+05 1.492183946542230064e-02 1.501896940747361742e-02
7.550200000000000000e+05 1.491974057149412537e-02 1.501437560186235851e-02
7.600200000000000000e+05 1.491930495221970368e-02 1.500037637605747959e-02
7.650200000000000000e+05 1.491601140507475484e-02 1.501825657521902412e-02
7.700200000000000000e+05 1.491325248176536208e-02 1.501028341895468618e-02
7.750200000000000000e+05 1.491030874992240428e-02 1.501918061692098828e-02
7.800200000000000000e+05 1.491984617674968656e-02 1.499973614735421873e-02
7.850200000000000000e+05 1.490298902278298920e-02 1.501382117680692511e-02
7.900200000000000000e+05 1.490581394920813263e-02 1.501138566847788625e-02
7.950200000000000000e+05 1.491085657459161745e-02 1.501783415611138151e-02
8.000200000000000000e+05 1.489793319686638466e-02 1.499841608824476098e-02
8.050200000000000000e+05 1.489906184717253168e-02 1.501103585247886424e-02
8.100200000000000000e+05 1.489965587374304616e-02 1.500207925197298391e-02
8.150200000000000000e+05 1.490308802718550048e-02 1.499444931100210598e-02
8.200200000000000000e+05 1.489702895636814753e-02 1.499136697352971594e-02
8.250200000000000000e+05 1.490391306416031202e-02 1.500980159724755840e-02
8.300200000000000000e+05 1.489475845483383652e-02 1.498854204690230722e-02
8.350200000000000000e+05 1.490645417751505948e-02 1.499044953235801475e-02
8.400200000000000000e+05 1.489924005530977001e-02 1.500719448075023103e-02
8.450200000000000000e+05 1.489392021733975530e-02 1.498394164134505754e-02
8.500200000000000000e+05 1.489824341084119465e-02 1.499920152342306898e-02
8.550200000000000000e+05 1.488935941351539512e-02 1.498561811648695986e-02
8.600200000000000000e+05 1.488901619842399916e-02 1.498699097751701390e-02
8.650200000000000000e+05 1.489865922923137680e-02 1.499027132401779989e-02
8.700200000000000000e+05 1.489203253318807825e-02 1.498924827808601097e-02
8.750200000000000000e+05 1.489052766607892701e-02 1.498219256330375095e-02
8.800200000000000000e+05 1.488615167057364894e-02 1.498422545394552559e-02
8.850200000000000000e+05 1.487960417787517926e-02 1.499062113990672768e-02
8.900200000000000000e+05 1.488814495963747091e-02 1.498070089623771556e-02
8.950200000000000000e+05 1.488335314540469544e-02 1.497743375036618418e-02
9.000200000000000000e+05 1.487033736407566802e-02 1.498549931122245514e-02
9.050200000000000000e+05 1.488128725300303865e-02 1.496604164110568874e-02
9.100200000000000000e+05 1.488589425899160094e-02 1.496921638276384886e-02
9.150200000000000000e+05 1.488181527655504412e-02 1.496966520321185712e-02
9.200200000000000000e+05 1.489842821873534930e-02 1.496136863228949600e-02
9.250200000000000000e+05 1.489303577811465842e-02 1.496165244485532682e-02
9.300200000000000000e+05 1.488041601417472090e-02 1.496705148617995425e-02
9.350200000000000000e+05 1.487592781349122636e-02 1.496500539500570520e-02
9.400200000000000000e+05 1.487994739337736468e-02 1.497490583757395133e-02
9.450200000000000000e+05 1.486699761448409367e-02 1.496868175915742373e-02
9.500200000000000000e+05 1.487171682517009902e-02 1.497691892762667218e-02
9.550200000000000000e+05 1.487694425891740967e-02 1.496846394937817806e-02
9.600200000000000000e+05 1.486689860947051044e-02 1.496534200975846961e-02
9.650200000000000000e+05 1.487988139031535921e-02 1.496499219414827372e-02
9.700200000000000000e+05 1.487058157457246156e-02 1.496051719425100547e-02
9.750200000000000000e+05 1.486116295389266519e-02 1.495887372050458582e-02
9.800200000000000000e+05 1.486978293890071912e-02 1.496017397898805404e-02
9.850200000000000000e+05 1.486595476750652255e-02 1.496545421482477212e-02
9.900200000000000000e+05 1.486656199516460213e-02 1.496716369106178453e-02
9.950200000000000000e+05 1.486506372815545214e-02 1.495105897152011927e-02
1.000020000000000000e+06 1.486459510696239508e-02 1.494369304207763920e-02
