3.985407726466655731e+02 1.408155562981897556e-02 1.407996015338141595e-02
3.985417725741863251e+02 1.408176056909064486e-02 1.407966791257034625e-02
3.985427725017070770e+02 1.407185699251580456e-02 1.407120432548528144e-02
3.985437724292278290e+02 1.403148200385262792e-02 1.402991712752437239e-02
3.985447723567485809e+02 1.403099283972346692e-02 1.403143067059761662e-02
3.985457722842693329e+02 1.403494460081395646e-02 1.403676647479467146e-02
3.985467722117900848e+02 1.404154712228212511e-02 1.404207402507202940e-02
3.985477721393108368e+02 1.404481699057217627e-02 1.404659776896959901e-02
3.985487720668315887e+02 1.405171033757048570e-02 1.405376421434300152e-02
3.985497719943523407e+02 1.407402098156344816e-02 1.407529367712765864e-02
3.985507719218730927e+02 1.407098228859326138e-02 1.407296508043016578e-02
3.985517718493938446e+02 1.406747472723384428e-02 1.406856076572780487e-02
3.985527717769145966e+02 1.407192794568296046e-02 1.407277674419476175e-02
3.985537717044353485e+02 1.406651273432101348e-02 1.407031716840325894e-02
3.985547716319561005e+02 1.406938749253805812e-02 1.407342302204190633e-02
3.985557715594768524e+02 1.406297976194635126e-02 1.407146109861802039e-02
3.985567714869976044e+02 1.406370414425598368e-02 1.407519408310799539e-02
3.985577714145183563e+02 1.405566795605162067e-02 1.407377669147439822e-02
3.985587713420391083e+02 1.405157635114247586e-02 1.407448505475299670e-02
3.985597712695598602e+02 1.404927647861877772e-02 1.407493273526165198e-02
3.985607711970806122e+02 1.403841643712553343e-02 1.406605503108018448e-02
3.985617711246013641e+02 1.402712638648826414e-02 1.405376109796477833e-02
3.985627710521221161e+02 1.403125759305367051e-02 1.405591999542835611e-02
3.985637709796428680e+02 1.403293687292586113e-02 1.405124905271344649e-02
3.985647709071636200e+02 1.404515038722920460e-02 1.405944915072101543e-02
3.985657708346843719e+02 1.405534016883886947e-02 1.406574867356263393e-02
3.985667707622051239e+02 1.406299452997507304e-02 1.406886283985125420e-02
3.985677706897258759e+02 1.406271467750468650e-02 1.406769077924336850e-02
3.985687706172466278e+02 1.406410857713688567e-02 1.406766093196829860e-02
3.985697705447673798e+02 1.406144354345264039e-02 1.406186917316988930e-02
3.985707704722881317e+02 1.406182487535368418e-02 1.406320168263785683e-02
3.985717703998088837e+02 1.406627735130262444e-02 1.406695238518349336e-02
3.985727703273296356e+02 1.406936340136285754e-02 1.407002290773264920e-02
3.985737702548503876e+02 1.406896111343947965e-02 1.407014133593687336e-02
3.985747701823711395e+02 1.406340251065232513e-02 1.406605936205542265e-02
3.985757701098918915e+02 1.407551825817665234e-02 1.407691354343917900e-02
3.985767700374126434e+02 1.407607177530000551e-02 1.407557816336646450e-02
3.985777699649333954e+02 1.407425834445449365e-02 1.407427929960507543e-02
3.985787698924541473e+02 1.407383155292412334e-02 1.407517644149188299e-02
3.985797698199748993e+02 1.407295643641499547e-02 1.407160790466098141e-02
3.985807697474956512e+02 1.407010807952116006e-02 1.406875241007307653e-02
