3.985407726466655731e+02 7.831722208638668137e-03 7.831080039029004666e-03
3.985417725741863251e+02 7.833109259176306710e-03 7.834578670796347316e-03
3.985427725017070770e+02 7.833206778426768033e-03 7.833414507505799887e-03
3.985437724292278290e+02 7.834201606900991974e-03 7.835698110004504086e-03
3.985447723567485809e+02 7.838887151587158736e-03 7.840987339728332922e-03
3.985457722842693329e+02 7.836172617948037114e-03 7.836119220917996467e-03
3.985467722117900848e+02 7.836844032285107675e-03 7.837436188442880799e-03
3.985477721393108368e+02 7.834491194734859165e-03 7.833959910265834645e-03
3.985487720668315887e+02 7.835055849184705684e-03 7.836282321240076176e-03
3.985497719943523407e+02 7.835485527916989310e-03 7.834613413777053240e-03
3.985507719218730927e+02 7.830876216652727512e-03 7.832131138720159480e-03
3.985517718493938446e+02 7.832513418138576863e-03 7.835584945334529011e-03
3.985527717769145966e+02 7.833152326056358472e-03 7.833170766222450482e-03
3.985537717044353485e+02 7.827499509158054175e-03 7.830954781335105336e-03
3.985547716319561005e+02 7.831611818747858181e-03 7.836942383607502921e-03
3.985557715594768524e+02 7.831036768639401680e-03 7.835741712586722502e-03
3.985567714869976044e+02 7.821539778875903626e-03 7.831747781895978533e-03
3.985577714145183563e+02 7.814620201673293937e-03 7.830078967137863583e-03
3.985587713420391083e+02 7.817759628710670844e-03 7.834791177940772164e-03
3.985597712695598602e+02 7.815210102361646455e-03 7.838043365929761586e-03
3.985607711970806122e+02 7.818397546558506286e-03 7.841538919547530462e-03
3.985617711246013641e+02 7.818916329200028756e-03 7.841588634354981768e-03
3.985627710521221161e+02 7.819483623978950443e-03 7.840546789322961480e-03
3.985637709796428680e+02 7.826872481702962583e-03 7.843028032247924969e-03
3.985647709071636200e+02 7.830713024486289295e-03 7.842899791280001989e-03
3.985657708346843719e+02 7.837288561720095331e-03 7.843817675187464422e-03
3.985667707622051239e+02 7.832619517755951694e-03 7.836405443041354751e-03
3.985677706897258759e+02 7.835964708843536769e-03 7.840914517651205798e-03
3.985687706172466278e+02 7.839851783689160553e-03 7.841418758382370097e-03
3.985697705447673798e+02 7.842354943011217022e-03 7.841765280398538263e-03
3.985707704722881317e+02 7.847527259011192677e-03 7.849558699789911317e-03
3.985717703998088837e+02 7.844971792348975556e-03 7.846356700631149095e-03
3.985727703273296356e+02 7.850187670193270462e-03 7.847378618989148472e-03
3.985737702548503876e+02 7.848230189647271288e-03 7.847051844220229166e-03
3.985747701823711395e+02 7.847426934561637507e-03 7.848021926459069347e-03
3.985757701098918915e+02 7.842768286041091816e-03 7.841751330509955445e-03
3.985767700374126434e+02 7.839306269837555824e-03 7.840546180060532777e-03
3.985777699649333954e+02 7.839538930019403565e-03 7.836354128652384121e-03
3.985787698924541473e+02 7.834308696640611414e-03 7.832323266358399289e-03
3.985797698199748993e+02 7.835302370093572694e-03 7.835274026259579291e-03
3.985807697474956512e+02 7.831062014869993870e-03 7.832389047989187641e-03
