0.000000000000000000e+00 2.087513122614343894e-02 2.088871755877197769e-02
5.000000000000000000e+02 2.087774563028964650e-02 2.089051764184063700e-02
1.000000000000000000e+03 2.090500401599596283e-02 2.084765854474438310e-02
1.500000000000000000e+03 2.089038906436617091e-02 2.087504550813586157e-02
2.000000000000000000e+03 2.089364635467445830e-02 2.089030334659184793e-02
2.500000000000000000e+03 2.085563033792605867e-02 2.090898991173921473e-02
3.000000000000000000e+03 2.085503030976186556e-02 2.090616121102060673e-02
3.500000000000000000e+03 2.089651791488415788e-02 2.091074713527816750e-02
4.000000000000000000e+03 2.084577274509637548e-02 2.087860281255841596e-02
4.500000000000000000e+03 2.087238824368155277e-02 2.092009041796588989e-02
5.000000000000000000e+03 2.086145917501488686e-02 2.088768894060787432e-02
5.500000000000000000e+03 2.084242973561423878e-02 2.089866086967562264e-02
6.000000000000000000e+03 2.086111630159798516e-02 2.090731840663140675e-02
6.500000000000000000e+03 2.086553078820652801e-02 2.092343342677800699e-02
7.000000000000000000e+03 2.086201634202343100e-02 2.087084531662676892e-02
7.500000000000000000e+03 2.085400169193886433e-02 2.093534825620682258e-02
8.000000000000000000e+03 2.083510083029219140e-02 2.085867333275199381e-02
8.500000000000000000e+03 2.085593035025888609e-02 2.086008768325798776e-02
9.000000000000000000e+03 2.086458788843528755e-02 2.088031717641734841e-02
9.500000000000000000e+03 2.085395883351297275e-02 2.087063102139205886e-02
1.000000000000000000e+04 2.083942959897990346e-02 2.088263156842648863e-02
1.050000000000000000e+04 2.085065868197459593e-02 2.086428787463926252e-02
1.100000000000000000e+04 2.085400169075431881e-02 2.087971714973629878e-02
1.150000000000000000e+04 2.086887379744708712e-02 2.085481601364596108e-02
1.200000000000000000e+04 2.087637414019992074e-02 2.089926089843175544e-02
1.250000000000000000e+04 2.084735853261088581e-02 2.089463211430426376e-02
1.300000000000000000e+04 2.079108453931733172e-02 2.087461691658603832e-02
1.350000000000000000e+04 2.089021762734618454e-02 2.087341686317209510e-02
1.400000000000000000e+04 2.085893048814240272e-02 2.087950285476568996e-02
1.450000000000000000e+04 2.087688844809539729e-02 2.089240344090988535e-02
1.500000000000000000e+04 2.085001579482264472e-02 2.089578931056558161e-02
1.550000000000000000e+04 2.080655667285167057e-02 2.086887379798397016e-02
1.600000000000000000e+04 2.086973098049212799e-02 2.089501784660267175e-02
1.650000000000000000e+04 2.086565936498530061e-02 2.087247396191006452e-02
1.700000000000000000e+04 2.085863047419249383e-02 2.089510356402472097e-02
1.750000000000000000e+04 2.085554461952295741e-02 2.089716080074727894e-02
1.800000000000000000e+04 2.082065731504992648e-02 2.086390214337851060e-02
1.850000000000000000e+04 2.083887243074923276e-02 2.089801798232762686e-02
1.900000000000000000e+04 2.082275740996849395e-02 2.087213108959733859e-02
1.950000000000000000e+04 2.083068634256939750e-02 2.087405974702186140e-02
2.000000000000000000e+04 2.078778438870327108e-02 2.089103195064909504e-02
2.050000000000000000e+04 2.082207166538849880e-02 2.089446067911843521e-02
2.100000000000000000e+04 2.085164444060533598e-02 2.088036003576540511e-02
2.150000000000000000e+04 2.083728664403606753e-02 2.088503167667628974e-02
2.200000000000000000e+04 2.084967292385135965e-02 2.087843137637242219e-02
2.250000000000000000e+04 2.080377083232910068e-02 2.089086051411001912e-02
2.300000000000000000e+04 2.082215738334180707e-02 2.087303113112805308e-02
2.350000000000000000e+04 2.085293021395374230e-02 2.091494732694417977e-02
2.400000000000000000e+04 2.084410124023246616e-02 2.088391733992521135e-02
2.450000000000000000e+04 2.081877151557720226e-02 2.089488926919345901e-02
2.500000000000000000e+04 2.083102921605899105e-02 2.086223063821756457e-02
2.550000000000000000e+04 2.080621379998380538e-02 2.088456022648666269e-02
2.600000000000000000e+04 2.083771523512713969e-02 2.090217531549823024e-02
2.650000000000000000e+04 2.084924433154274753e-02 2.088957474085984325e-02
2.700000000000000000e+04 2.082665758859086197e-02 2.089184627334397457e-02
2.750000000000000000e+04 2.084230115832776467e-02 2.088468880415598680e-02
2.800000000000000000e+04 2.081701429244114943e-02 2.084165827227008397e-02
2.850000000000000000e+04 2.081598567417009341e-02 2.085113013218598335e-02
2.900000000000000000e+04 2.081757146043869064e-02 2.089998950225248342e-02
2.950000000000000000e+04 2.088434593186004259e-02 2.084988721848229920e-02
3.000000000000000000e+04 2.081542850560108224e-02 2.090140385221440217e-02
3.050000000000000000e+04 2.081161404541193374e-02 2.088340303218077371e-02
3.100000000000000000e+04 2.082922913417358315e-02 2.085803044664356551e-02
3.150000000000000000e+04 2.081748574173002131e-02 2.084285832623940585e-02
3.200000000000000000e+04 2.085391597348925860e-02 2.085665895569458958e-02
3.250000000000000000e+04 2.081937154264431808e-02 2.089467497408011021e-02
3.300000000000000000e+04 2.080668524952589138e-02 2.085640180118129502e-02
3.350000000000000000e+04 2.083771523581702187e-02 2.087315970764191606e-02
3.400000000000000000e+04 2.082151449749457608e-02 2.088486024040227609e-02
3.450000000000000000e+04 2.082978630264355202e-02 2.086240207370806607e-02
3.500000000000000000e+04 2.082554325173821899e-02 2.090273248372522680e-02
3.550000000000000000e+04 2.082262883395773895e-02 2.083972961270550567e-02
3.600000000000000000e+04 2.083600087187988115e-02 2.085065868245341431e-02
3.650000000000000000e+04 2.081439988702976293e-02 2.086330211569245238e-02
3.700000000000000000e+04 2.082807193972159923e-02 2.087928855894559746e-02
3.750000000000000000e+04 2.081285695948667178e-02 2.088713177341582766e-02
3.800000000000000000e+04 2.078667005252167466e-02 2.085700182853080994e-02
3.850000000000000000e+04 2.079914204926053972e-02 2.086771660334523978e-02
3.900000000000000000e+04 2.084821571339164417e-02 2.087757419421422747e-02
3.950000000000000000e+04 2.083801524773629468e-02 2.082935771259151331e-02
4.000000000000000000e+04 2.082378602931016232e-02 2.088678889953563683e-02
4.050000000000000000e+04 2.083835812255525194e-02 2.086025911935630861e-02
4.100000000000000000e+04 2.080042782091882231e-02 2.085755899656175152e-02
4.150000000000000000e+04 2.079824200828963437e-02 2.087521694361223548e-02
4.200000000000000000e+04 2.085961623268879628e-02 2.085811616482020209e-02
4.250000000000000000e+04 2.078748437524348749e-02 2.085207303257485822e-02
4.300000000000000000e+04 2.080269935444257340e-02 2.087551695775430316e-02
4.350000000000000000e+04 2.082117162352914094e-02 2.085867333425968362e-02
4.400000000000000000e+04 2.079631335055757285e-02 2.085858761412958187e-02
4.450000000000000000e+04 2.083004345803454033e-02 2.083887243075288262e-02
4.500000000000000000e+04 2.082241453870491837e-02 2.090714697067406341e-02
4.550000000000000000e+04 2.085057296423460660e-02 2.086270208825910868e-02
4.600000000000000000e+04 2.080805674108116357e-02 2.088597457787414596e-02
4.650000000000000000e+04 2.078637003828911686e-02 2.085743042037217082e-02
4.700000000000000000e+04 2.083398649419054838e-02 2.086591652046752496e-02
4.750000000000000000e+04 2.079245603089058952e-02 2.087885996722532028e-02
4.800000000000000000e+04 2.081915724651148963e-02 2.087161678087152625e-02
4.850000000000000000e+04 2.079151312963131715e-02 2.084650135008533564e-02
4.900000000000000000e+04 2.079378466279299675e-02 2.085053010432394091e-02
4.950000000000000000e+04 2.085113013203745633e-02 2.086630225219007068e-02
5.000000000000000000e+04 2.076995500441906201e-02 2.084002962707022857e-02
5.050000000000000000e+04 2.083004345796192827e-02 2.088104578113994178e-02
5.100000000000000000e+04 2.083638660323337485e-02 2.087238824445882338e-02
5.150000000000000000e+04 2.078409850677518170e-02 2.087007385177802599e-02
5.200000000000000000e+04 2.084020106286611426e-02 2.086878807970405508e-02
5.250000000000000000e+04 2.076944069532660544e-02 2.087153106152999857e-02
5.300000000000000000e+04 2.077574098253295171e-02 2.085871619213895342e-02
5.350000000000000000e+04 2.080201360824296755e-02 2.086261637004204264e-02
5.400000000000000000e+04 2.080312794507442956e-02 2.089668935241511746e-02
5.450000000000000000e+04 2.079832772664378174e-02 2.084105824508951377e-02
5.500000000000000000e+04 2.082048587956384159e-02 2.090114669716431131e-02
5.550000000000000000e+04 2.081208549643743730e-02 2.084002962667182851e-02
5.600000000000000000e+04 2.082044301997655264e-02 2.084277260872524629e-02
5.650000000000000000e+04 2.078216984692346156e-02 2.087808850263590463e-02
5.700000000000000000e+04 2.081097116018592805e-02 2.090016093814426462e-02
5.750000000000000000e+04 2.079764198131605138e-02 2.088400305779027424e-02
5.800000000000000000e+04 2.078765581239525387e-02 2.086458788931325539e-02
5.850000000000000000e+04 2.081607139205009227e-02 2.087684558952104460e-02
5.900000000000000000e+04 2.078371277480475440e-02 2.087230252557381593e-02
5.950000000000000000e+04 2.079189886246511632e-02 2.082400032576398399e-02
6.000000000000000000e+04 2.082202880553181770e-02 2.083758665755369721e-02
6.050000000000000000e+04 2.077316943752734874e-02 2.085747327803271975e-02
6.100000000000000000e+04 2.079005592067158931e-02 2.087234538543917411e-02
6.150000000000000000e+04 2.075765444480025951e-02 2.085897334649926271e-02
6.200000000000000000e+04 2.080364225378244711e-02 2.085224446786659164e-02
6.250000000000000000e+04 2.076369757739256888e-02 2.084761568680743374e-02
6.300000000000000000e+04 2.082138592055590362e-02 2.088786037672849677e-02
6.350000000000000000e+04 2.077869826080112545e-02 2.087028814811262706e-02
6.400000000000000000e+04 2.079039879374035629e-02 2.080282793067452646e-02
6.450000000000000000e+04 2.079631334832821726e-02 2.086981669801715386e-02
6.500000000000000000e+04 2.078628432100685167e-02 2.087615984372636485e-02
6.550000000000000000e+04 2.080334224058206019e-02 2.084101538477671836e-02
6.600000000000000000e+04 2.078456995658306550e-02 2.088430307293964033e-02
6.650000000000000000e+04 2.075045411669967227e-02 2.085528746523343871e-02
6.700000000000000000e+04 2.081075686466185223e-02 2.087157392203445663e-02
6.750000000000000000e+04 2.083565799810645908e-02 2.085614464656292827e-02
6.800000000000000000e+04 2.076224036816752549e-02 2.087577411154726420e-02
6.850000000000000000e+04 2.080509946430298893e-02 2.085588749299660191e-02
6.900000000000000000e+04 2.078135552555247442e-02 2.088494595912703325e-02
6.950000000000000000e+04 2.081037113304646732e-02 2.085040152681757325e-02
7.000000000000000000e+04 2.080509946313226569e-02 2.085691610997505649e-02
7.050000000000000000e+04 2.078071263834832538e-02 2.087538838061795549e-02
7.100000000000000000e+04 2.080021352619374972e-02 2.088777465990846252e-02
7.150000000000000000e+04 2.076764061524041458e-02 2.086004482359849616e-02
7.200000000000000000e+04 2.075829733077733455e-02 2.083497225231447161e-02
7.250000000000000000e+04 2.081225693219340700e-02 2.083878671260541021e-02
7.300000000000000000e+04 2.077466950606232307e-02 2.086840234828480495e-02
7.350000000000000000e+04 2.081221407254824074e-02 2.087611698504869204e-02
7.400000000000000000e+04 2.077359802788467796e-02 2.086998813425109192e-02
7.450000000000000000e+04 2.080527089932767554e-02 2.085438742288125979e-02
7.500000000000000000e+04 2.076138318644766764e-02 2.083561513988008498e-02
7.550000000000000000e+04 2.076944069675008830e-02 2.083947245864674336e-02
7.600000000000000000e+04 2.076721202299542518e-02 2.085100155597985339e-02
7.650000000000000000e+04 2.078774152953352661e-02 2.086780232037182409e-02
7.700000000000000000e+04 2.078071263780972150e-02 2.085725898357642868e-02
7.750000000000000000e+04 2.080857104935086160e-02 2.085567319684090634e-02
7.800000000000000000e+04 2.078649861651571396e-02 2.085464457728063159e-02
7.850000000000000000e+04 2.080257077658976411e-02 2.085601606949739548e-02
7.900000000000000000e+04 2.077098362368441642e-02 2.086634511176436307e-02
7.950000000000000000e+04 2.080278507229351218e-02 2.083321503016574011e-02
8.000000000000000000e+04 2.080865676851786916e-02 2.085610178670847803e-02
8.050000000000000000e+04 2.078049834319482120e-02 2.087907426288652252e-02
8.100000000000000000e+04 2.079978493540080367e-02 2.087821708187619085e-02
8.150000000000000000e+04 2.074479671593642757e-02 2.083827240378585341e-02
8.200000000000000000e+04 2.079322749311817570e-02 2.084221544035552709e-02
8.250000000000000000e+04 2.078336990247292571e-02 2.086720229270046592e-02
8.300000000000000000e+04 2.083210069323549254e-02 2.085507316923737586e-02
8.350000000000000000e+04 2.079858488160728214e-02 2.084615847630983884e-02
8.400000000000000000e+04 2.078967018923140453e-02 2.083977247203993091e-02
8.450000000000000000e+04 2.077111220045088635e-02 2.084401552403166921e-02
8.500000000000000000e+04 2.078011261098938398e-02 2.086745944777579354e-02
8.550000000000000000e+04 2.080702812356853906e-02 2.085747327831902892e-02
8.600000000000000000e+04 2.080385654947904464e-02 2.086021626037320997e-02
8.650000000000000000e+04 2.078276987445110829e-02 2.085597321086364586e-02
8.700000000000000000e+04 2.078401278853315298e-02 2.082648615176056414e-02
8.750000000000000000e+04 2.077321229636541755e-02 2.087705988448848582e-02
8.800000000000000000e+04 2.077784107918883433e-02 2.082005728701782910e-02
8.850000000000000000e+04 2.078092693375032177e-02 2.086467360717634764e-02
8.900000000000000000e+04 2.080377083198039698e-02 2.083351504362946499e-02
8.950000000000000000e+04 2.078435566126479034e-02 2.085023009189684168e-02
9.000000000000000000e+04 2.076224036831863726e-02 2.088053147238632529e-02
9.050000000000000000e+04 2.080325652222738894e-02 2.086214491958368611e-02
9.100000000000000000e+04 2.078028404798299908e-02 2.085730184195808481e-02
9.150000000000000000e+04 2.075589722216545502e-02 2.087885996742382816e-02
9.200000000000000000e+04 2.080578520963060479e-02 2.085584463278107245e-02
9.250000000000000000e+04 2.077676960122093811e-02 2.085828760152690434e-02
9.300000000000000000e+04 2.075885449965120255e-02 2.083222927090911183e-02
9.350000000000000000e+04 2.076219750968897118e-02 2.084727281338308660e-02
9.400000000000000000e+04 2.080051354002013936e-02 2.084967292252968771e-02
9.450000000000000000e+04 2.079772769927496628e-02 2.082382888790040854e-02
9.500000000000000000e+04 2.077651244742956607e-02 2.084963006358670282e-02
9.550000000000000000e+04 2.082172879231198453e-02 2.085550175941433895e-02
9.600000000000000000e+04 2.075932594983476501e-02 2.086021626080308486e-02
9.650000000000000000e+04 2.075988311783157070e-02 2.087007385343776777e-02
9.700000000000000000e+04 2.079802771315549664e-02 2.085764471470632694e-02
9.750000000000000000e+04 2.076262610007630072e-02 2.084388694520827520e-02
9.800000000000000000e+04 2.076035456739861243e-02 2.083192925752479219e-02
9.850000000000000000e+04 2.074655393894887442e-02 2.083244356651996199e-02
9.900000000000000000e+04 2.073476768745942736e-02 2.084808713667511346e-02
9.950000000000000000e+04 2.074201087477844929e-02 2.083338646706206845e-02
1.000000000000000000e+05 2.073373906970544731e-02 2.088083148620254945e-02
1.005000000000000000e+05 2.079232745296787088e-02 2.082138591929338575e-02
1.010000000000000000e+05 2.077784107822476176e-02 2.086081628831693360e-02
1.015000000000000000e+05 2.074689681147763934e-02 2.084641563267069023e-02
1.020000000000000000e+05 2.078765581045793898e-02 2.085468743616615550e-02
1.025000000000000000e+05 2.077286942379319087e-02 2.085871619296156970e-02
1.030000000000000000e+05 2.081697143265799632e-02 2.084191542662207006e-02
1.035000000000000000e+05 2.077492665969070743e-02 2.087538838193429835e-02
1.040000000000000000e+05 2.074068224391143953e-02 2.082622899704034483e-02
1.045000000000000000e+05 2.079597047601992182e-02 2.083930102276800034e-02
1.050000000000000000e+05 2.077312657840909085e-02 2.086338783385955145e-02
1.055000000000000000e+05 2.080659953315789484e-02 2.085344452520044439e-02
1.060000000000000000e+05 2.075431143467141096e-02 2.088027431650599924e-02
1.065000000000000000e+05 2.075191132606937772e-02 2.082494322410770315e-02
1.070000000000000000e+05 2.077749820679855933e-02 2.082117162529896828e-02
1.075000000000000000e+05 2.076935497691734592e-02 2.085070154104486095e-02
1.080000000000000000e+05 2.078234128457528626e-02 2.082031444158093797e-02
1.085000000000000000e+05 2.077282656408495701e-02 2.088610315535325418e-02
1.090000000000000000e+05 2.077145507377639588e-02 2.084903003663254178e-02
1.095000000000000000e+05 2.077912685245267635e-02 2.085545890061356322e-02
1.100000000000000000e+05 2.075336853594526507e-02 2.085841617812674367e-02
1.105000000000000000e+05 2.081144261034339332e-02 2.082301456455028579e-02
1.110000000000000000e+05 2.077724105031594770e-02 2.084067251256217779e-02
1.115000000000000000e+05 2.077638387017313043e-02 2.089506070629315246e-02
1.120000000000000000e+05 2.077556954642972506e-02 2.085310165086219289e-02
1.125000000000000000e+05 2.077411233818924480e-02 2.088768894082757357e-02
1.130000000000000000e+05 2.079614191268538970e-02 2.083728664452950963e-02
1.135000000000000000e+05 2.077694103743325804e-02 2.085417312728228209e-02
1.140000000000000000e+05 2.076155462308415522e-02 2.087735989804173631e-02
1.145000000000000000e+05 2.078555571550512460e-02 2.087950285419004626e-02
1.150000000000000000e+05 2.079755626322017312e-02 2.085027294952658192e-02
1.155000000000000000e+05 2.080659953276485161e-02 2.082181451034611358e-02
1.160000000000000000e+05 2.073588202448180609e-02 2.087628842185080061e-02
1.165000000000000000e+05 2.074779685285544489e-02 2.083732950352460561e-02
1.170000000000000000e+05 2.078641289700459624e-02 2.084401552268352539e-02
1.175000000000000000e+05 2.074929692189756564e-02 2.090170386691819066e-02
1.180000000000000000e+05 2.077351230921841915e-02 2.084967292375209183e-02
1.185000000000000000e+05 2.075546863109105009e-02 2.091824747651612609e-02
1.190000000000000000e+05 2.075572578583962172e-02 2.085331594566523436e-02
1.195000000000000000e+05 2.077334087353199105e-02 2.086900237607587638e-02
1.200000000000000000e+05 2.074509673025269965e-02 2.083788667155038118e-02
1.205000000000000000e+05 2.077338373387163997e-02 2.086523077476052854e-02
1.210000000000000000e+05 2.078911302072882286e-02 2.086981669761825073e-02
1.215000000000000000e+05 2.073403908460149520e-02 2.082421461988692366e-02
1.220000000000000000e+05 2.079318463569104075e-02 2.086141631575108568e-02
1.225000000000000000e+05 2.076845493644969426e-02 2.086887379794635095e-02
1.230000000000000000e+05 2.077406947785703784e-02 2.084148683610598934e-02
1.235000000000000000e+05 2.078349847887141916e-02 2.085361595997991049e-02
1.240000000000000000e+05 2.076434046388141511e-02 2.085588749185705512e-02
1.245000000000000000e+05 2.072062418716489468e-02 2.087243110296863394e-02
1.250000000000000000e+05 2.075208276222829246e-02 2.082734333473181335e-02
1.255000000000000000e+05 2.075876878137762963e-02 2.081744288426330691e-02
1.260000000000000000e+05 2.078624146185165458e-02 2.085473029647679985e-02
1.265000000000000000e+05 2.076939783666198469e-02 2.084015820268795421e-02
1.270000000000000000e+05 2.077754106465908024e-02 2.089137482332513104e-02
1.275000000000000000e+05 2.076738345992790169e-02 2.086184490712483797e-02
1.280000000000000000e+05 2.075846876782106235e-02 2.084195828633881448e-02
1.285000000000000000e+05 2.076918354231336791e-02 2.086300210093381541e-02
1.290000000000000000e+05 2.073343905681234584e-02 2.083244356692154006e-02
1.295000000000000000e+05 2.077359802843447428e-02 2.085987338754452525e-02
1.300000000000000000e+05 2.073506770167882901e-02 2.082498608391639833e-02
1.305000000000000000e+05 2.078564143361611230e-02 2.086235921513831734e-02
1.310000000000000000e+05 2.072563870032660682e-02 2.086604509818728095e-02
1.315000000000000000e+05 2.073528199790643581e-02 2.088207439878005112e-02
1.320000000000000000e+05 2.076712630449944336e-02 2.086874522045250452e-02
1.325000000000000000e+05 2.077989831610031757e-02 2.085443028290520640e-02
1.330000000000000000e+05 2.074693967224528618e-02 2.083540084431126024e-02
1.335000000000000000e+05 2.077916971131484047e-02 2.086908809333720000e-02
1.340000000000000000e+05 2.073871072551427761e-02 2.087821708003710641e-02
1.345000000000000000e+05 2.073811069710435398e-02 2.086990241660137760e-02
1.350000000000000000e+05 2.077509809753005920e-02 2.082057159690021628e-02
1.355000000000000000e+05 2.074385381684277704e-02 2.086488790218378464e-02
1.360000000000000000e+05 2.077308371988985727e-02 2.085948765716802433e-02
1.365000000000000000e+05 2.072988175079290910e-02 2.084354407259168471e-02
1.370000000000000000e+05 2.072662445888668464e-02 2.084007248562726525e-02
1.375000000000000000e+05 2.076991214698257343e-02 2.082537181602364673e-02
1.380000000000000000e+05 2.076082601853983592e-02 2.085477315574361598e-02
1.385000000000000000e+05 2.076579767260834999e-02 2.086767374394952676e-02
1.390000000000000000e+05 2.074856831732456788e-02 2.084804427718148570e-02
1.395000000000000000e+05 2.077364088743830287e-02 2.085091583710911578e-02
1.400000000000000000e+05 2.074616820715247806e-02 2.082121448388580057e-02
1.405000000000000000e+05 2.076806920540896426e-02 2.082318600158231808e-02
1.410000000000000000e+05 2.077484094179631383e-02 2.087851709428847555e-02
1.415000000000000000e+05 2.079532758958123340e-02 2.084611561803840010e-02
1.420000000000000000e+05 2.074042508774779497e-02 2.087410260792631200e-02
1.425000000000000000e+05 2.075555434866070345e-02 2.086068771049567547e-02
1.430000000000000000e+05 2.074869689386064919e-02 2.079969921739041258e-02
1.435000000000000000e+05 2.075401142120264497e-02 2.088306015894103584e-02
1.440000000000000000e+05 2.074916834373611435e-02 2.083557228043730544e-02
1.445000000000000000e+05 2.077886969719721158e-02 2.086994527479707484e-02
1.450000000000000000e+05 2.073232471962325671e-02 2.085837331960616048e-02
1.455000000000000000e+05 2.074689681180715006e-02 2.083801524792506382e-02
1.460000000000000000e+05 2.073656777042283059e-02 2.090028951672947416e-02
1.465000000000000000e+05 2.077304086081113027e-02 2.082292884707793307e-02
1.470000000000000000e+05 2.073061035587396572e-02 2.085220160896167699e-02
1.475000000000000000e+05 2.075478288543568250e-02 2.087611698439005570e-02
1.480000000000000000e+05 2.078084121555580713e-02 2.085164444152058302e-02
1.485000000000000000e+05 2.073836785117083581e-02 2.085464457771031566e-02
1.490000000000000000e+05 2.074175372041295665e-02 2.085263020040788867e-02
1.495000000000000000e+05 2.078512712420219413e-02 2.083694377080791763e-02
1.500000000000000000e+05 2.081332841078934598e-02 2.081654284188421203e-02
1.505000000000000000e+05 2.073228185978145607e-02 2.083587229392316539e-02
1.510000000000000000e+05 2.072606729276558687e-02 2.087654557613300571e-02
1.515000000000000000e+05 2.074128227003573660e-02 2.082644329374118766e-02
1.520000000000000000e+05 2.078169839664158539e-02 2.085344452266202353e-02
1.525000000000000000e+05 2.075898307719184141e-02 2.086895951605135385e-02
1.530000000000000000e+05 2.075285422549228570e-02 2.079939920486945440e-02
1.535000000000000000e+05 2.076378329554424279e-02 2.085314450908092032e-02
1.540000000000000000e+05 2.077719819255658198e-02 2.082802907996479658e-02
1.545000000000000000e+05 2.074372523876457514e-02 2.085867333284525948e-02
1.550000000000000000e+05 2.072748164150022346e-02 2.082280026912316367e-02
1.555000000000000000e+05 2.074685395236780874e-02 2.085974481069182568e-02
1.560000000000000000e+05 2.077608385701100457e-02 2.081975727356870712e-02
1.565000000000000000e+05 2.075444001339010053e-02 2.087958857196409168e-02
1.570000000000000000e+05 2.073056749707374857e-02 2.088653174663483020e-02
1.575000000000000000e+05 2.073888216143403296e-02 2.085065868238795972e-02
1.580000000000000000e+05 2.074976837080945435e-02 2.084585846308017673e-02
1.585000000000000000e+05 2.072401005471585442e-02 2.084804427837046170e-02
1.590000000000000000e+05 2.073802497920366680e-02 2.081319983276176677e-02
1.595000000000000000e+05 2.077556954668700537e-02 2.086163061066402535e-02
1.600000000000000000e+05 2.072679589693984109e-02 2.084555845002097202e-02
1.605000000000000000e+05 2.074886833102943667e-02 2.082974344301425501e-02
1.610000000000000000e+05 2.069803744372820942e-02 2.084620133567270314e-02
1.615000000000000000e+05 2.075332567768500489e-02 2.083655803975903095e-02
1.620000000000000000e+05 2.076159748131747862e-02 2.085614464633301843e-02
1.625000000000000000e+05 2.072169566374514049e-02 2.084903003607240304e-02
1.630000000000000000e+05 2.073613917901800247e-02 2.084984435959732346e-02
1.635000000000000000e+05 2.076918354192192409e-02 2.083342932602163036e-02
1.640000000000000000e+05 2.076086887721582605e-02 2.085974481080675458e-02
1.645000000000000000e+05 2.071222380494021353e-02 2.089703222333301122e-02
1.650000000000000000e+05 2.073193898874153493e-02 2.084075823177910028e-02
1.655000000000000000e+05 2.077239797386513237e-02 2.081422845054118134e-02
1.660000000000000000e+05 2.072521010922791923e-02 2.080942823231712868e-02
1.665000000000000000e+05 2.075302566301925888e-02 2.084482984519674120e-02
1.670000000000000000e+05 2.074642536179465216e-02 2.084358693134202856e-02
1.675000000000000000e+05 2.074933978038216720e-02 2.085138728622034851e-02
1.680000000000000000e+05 2.074861117585369980e-02 2.083728664406265391e-02
1.685000000000000000e+05 2.075366854973750494e-02 2.081401415489516488e-02
1.690000000000000000e+05 2.076789776916946467e-02 2.085241590725286920e-02
1.695000000000000000e+05 2.075349711170140429e-02 2.084324405807726210e-02
1.700000000000000000e+05 2.075246849401970670e-02 2.085773043303298588e-02
1.705000000000000000e+05 2.078589858845869900e-02 2.082691474333251899e-02
1.710000000000000000e+05 2.074213945250130697e-02 2.084517271761570853e-02
1.715000000000000000e+05 2.072130993214382072e-02 2.082897198026481198e-02
1.720000000000000000e+05 2.075186846736001497e-02 2.087063102112687515e-02
1.725000000000000000e+05 2.076018313161529308e-02 2.084722995487726591e-02
1.730000000000000000e+05 2.076665485502394992e-02 2.081375700111986332e-02
1.735000000000000000e+05 2.073288188813857472e-02 2.088396019927440950e-02
1.740000000000000000e+05 2.074089653902410485e-02 2.088130293585667083e-02
1.745000000000000000e+05 2.075328281563335389e-02 2.086801661643909733e-02
1.750000000000000000e+05 2.072049560904994092e-02 2.082322886007048970e-02
1.755000000000000000e+05 2.075353997294067734e-02 2.082721475718477336e-02
1.760000000000000000e+05 2.076048314664278097e-02 2.087431690329880421e-02
1.765000000000000000e+05 2.076455475918136465e-02 2.087093103457419996e-02
1.770000000000000000e+05 2.072671017726128440e-02 2.086523077539164522e-02
1.775000000000000000e+05 2.075088270780906657e-02 2.088773179991533155e-02
1.780000000000000000e+05 2.074698253048229760e-02 2.085203017335916093e-02
1.785000000000000000e+05 2.073583916552842327e-02 2.084470126733466849e-02
1.790000000000000000e+05 2.075036839879901632e-02 2.082892912047125400e-02
1.795000000000000000e+05 2.073648205194852587e-02 2.085803044744296078e-02
1.800000000000000000e+05 2.073926789275888638e-02 2.083754379891077785e-02
1.805000000000000000e+05 2.073793926114203892e-02 2.087045958500123241e-02
1.810000000000000000e+05 2.071852409124590177e-02 2.086574508340658871e-02
1.815000000000000000e+05 2.074921120233352845e-02 2.082918627569235390e-02
1.820000000000000000e+05 2.072216711390275148e-02 2.083222927052146012e-02
1.825000000000000000e+05 2.070935224503801797e-02 2.082738619267701999e-02
1.830000000000000000e+05 2.074153942470060782e-02 2.082361459350659527e-02
1.835000000000000000e+05 2.073776782434959623e-02 2.087748847677462632e-02
1.840000000000000000e+05 2.075242563504281143e-02 2.084628705534679466e-02
1.845000000000000000e+05 2.075456859112225286e-02 2.087045958475112692e-02
1.850000000000000000e+05 2.073729637427206354e-02 2.082772906580708516e-02
1.855000000000000000e+05 2.075598294047613715e-02 2.082704332146208259e-02
1.860000000000000000e+05 2.073142467868027694e-02 2.084170113091340232e-02
1.865000000000000000e+05 2.072100991850731044e-02 2.087015957042734002e-02
1.870000000000000000e+05 2.072092420004146424e-02 2.088288872261909526e-02
1.875000000000000000e+05 2.073082465140204875e-02 2.084092966803885102e-02
1.880000000000000000e+05 2.073969648373441901e-02 2.084440125436624533e-02
1.885000000000000000e+05 2.073969648360407536e-02 2.082935771107888648e-02
1.890000000000000000e+05 2.071680972747809782e-02 2.084903003576115202e-02
1.895000000000000000e+05 2.075859734419425659e-02 2.082978630221400326e-02
1.900000000000000000e+05 2.072165280484089891e-02 2.087200251256381492e-02
1.905000000000000000e+05 2.074329664792277927e-02 2.085601606834545235e-02
1.910000000000000000e+05 2.075731157171806229e-02 2.084615847647495329e-02
1.915000000000000000e+05 2.070729500888067801e-02 2.083972961305918803e-02
1.920000000000000000e+05 2.072958173776500920e-02 2.085301593105208864e-02
1.925000000000000000e+05 2.074003935701975235e-02 2.084461554903417960e-02
1.930000000000000000e+05 2.076185463586637664e-02 2.084247259510153827e-02
1.935000000000000000e+05 2.079301319816849458e-02 2.086218777890894854e-02
1.940000000000000000e+05 2.076451190006073019e-02 2.084778712279946808e-02
1.945000000000000000e+05 2.072045275064598666e-02 2.086043055567407198e-02
1.950000000000000000e+05 2.070150903003578971e-02 2.084071537259127999e-02
1.955000000000000000e+05 2.073236757913540090e-02 2.083844384015676870e-02
1.960000000000000000e+05 2.076031170918566163e-02 2.086068771089271204e-02
1.965000000000000000e+05 2.071548109559772852e-02 2.082241453777759072e-02
1.970000000000000000e+05 2.073193898758041165e-02 2.080629951751438930e-02
1.975000000000000000e+05 2.072431006914227103e-02 2.085708754571892476e-02
1.980000000000000000e+05 2.073618203871375673e-02 2.084208686364100865e-02
1.985000000000000000e+05 2.071188093083514009e-02 2.082352887532754049e-02
1.990000000000000000e+05 2.074483957468630999e-02 2.083698662926490586e-02
1.995000000000000000e+05 2.070660926283392211e-02 2.082760048789705429e-02
2.000000000000000000e+05 2.072040989123873078e-02 2.082652901072549328e-02
2.005000000000000000e+05 2.073506770185275586e-02 2.085901620599378906e-02
2.010000000000000000e+05 2.070995227168571234e-02 2.082687188331797459e-02
2.015000000000000000e+05 2.072722448758527319e-02 2.087337400396345813e-02
2.020000000000000000e+05 2.075019696369431038e-02 2.083574371612530868e-02
2.025000000000000000e+05 2.071153805883988938e-02 2.086248779236003076e-02
2.030000000000000000e+05 2.075632581344856453e-02 2.083141494769758309e-02
2.035000000000000000e+05 2.072551012346890431e-02 2.083141494759307988e-02
2.040000000000000000e+05 2.070802361238699776e-02 2.084667278604850071e-02
2.045000000000000000e+05 2.075323995847923320e-02 2.083814382624181796e-02
2.050000000000000000e+05 2.068830842944759801e-02 2.084740139185617749e-02
2.055000000000000000e+05 2.071286669102102157e-02 2.081787147306278507e-02
2.060000000000000000e+05 2.073609632020791821e-02 2.083428650806686336e-02
2.065000000000000000e+05 2.074972551224732800e-02 2.083402935252139793e-02
2.070000000000000000e+05 2.070018039825539252e-02 2.086463074674541063e-02
2.075000000000000000e+05 2.074042508815195085e-02 2.085177301835550168e-02
2.080000000000000000e+05 2.074106797425816218e-02 2.082434319782222945e-02
2.085000000000000000e+05 2.071723831840015934e-02 2.083390077584020700e-02
2.090000000000000000e+05 2.072941030101826607e-02 2.082854338835238989e-02
2.095000000000000000e+05 2.077381232399888936e-02 2.082892911986334791e-02
2.100000000000000000e+05 2.073695350170667862e-02 2.082250025616766073e-02
2.105000000000000000e+05 2.075203990285459654e-02 2.087641699864601838e-02
2.110000000000000000e+05 2.074719682556687428e-02 2.085785901026394190e-02
2.115000000000000000e+05 2.071260953544830363e-02 2.084135825792789165e-02
2.120000000000000000e+05 2.071029514492248383e-02 2.083372933931823545e-02
2.125000000000000000e+05 2.070630924971285022e-02 2.084470126743204546e-02
2.130000000000000000e+05 2.072653874152350847e-02 2.085854475719433818e-02
2.135000000000000000e+05 2.074856831690409173e-02 2.083497225333688987e-02
2.140000000000000000e+05 2.075632581349240793e-02 2.081731430617708364e-02
2.145000000000000000e+05 2.074749684022104620e-02 2.086930238911847979e-02
2.150000000000000000e+05 2.071689544592509799e-02 2.087397403083594838e-02
2.155000000000000000e+05 2.072066704485792110e-02 2.083857241722470929e-02
2.160000000000000000e+05 2.074308235263508729e-02 2.087534552174993147e-02
2.165000000000000000e+05 2.072752450083600179e-02 2.082768620715189437e-02
2.170000000000000000e+05 2.072075276409974035e-02 2.086475932532431618e-02
2.175000000000000000e+05 2.069203717095965955e-02 2.083844384077111755e-02
2.180000000000000000e+05 2.071470963228352544e-02 2.084422981688152307e-02
2.185000000000000000e+05 2.072126707311830809e-02 2.083908672594207007e-02
2.190000000000000000e+05 2.071843837350732798e-02 2.083385791708333018e-02
2.195000000000000000e+05 2.076695486997304219e-02 2.086960240143012624e-02
2.200000000000000000e+05 2.069096569339845190e-02 2.082781478479955872e-02
2.205000000000000000e+05 2.075353997226864894e-02 2.084517271753896436e-02
2.210000000000000000e+05 2.071128090506207248e-02 2.083685805403679564e-02
2.215000000000000000e+05 2.072443864540665301e-02 2.084131539920453663e-02
2.220000000000000000e+05 2.072971031462586891e-02 2.085361595983717745e-02
2.225000000000000000e+05 2.068873701980730728e-02 2.080012780955261750e-02
2.230000000000000000e+05 2.072122421400682951e-02 2.090260390583524239e-02
2.235000000000000000e+05 2.072666731809747614e-02 2.083081492032878151e-02
2.240000000000000000e+05 2.068693693789899757e-02 2.084230115722606955e-02
2.245000000000000000e+05 2.072058132833464947e-02 2.085387311437503569e-02
2.250000000000000000e+05 2.071629541749162029e-02 2.084092966755569237e-02
2.255000000000000000e+05 2.071393816812980640e-02 2.083377219858595017e-02
2.260000000000000000e+05 2.069418012497094977e-02 2.088948902264761362e-02
2.265000000000000000e+05 2.073703921961123769e-02 2.083034347084520080e-02
2.270000000000000000e+05 2.072002415983670645e-02 2.083664375737296487e-02
2.275000000000000000e+05 2.071578110904552864e-02 2.084517271846773531e-02
2.280000000000000000e+05 2.070223763464957081e-02 2.083428650828017883e-02
2.285000000000000000e+05 2.070888079504936904e-02 2.084311548093413513e-02
2.290000000000000000e+05 2.074411097127967091e-02 2.083805810959291072e-02
2.295000000000000000e+05 2.068500827931823299e-02 2.082580040735255988e-02
2.300000000000000000e+05 2.073652491088353450e-02 2.084611561741182145e-02
2.305000000000000000e+05 2.072465294187828683e-02 2.085687325177048787e-02
2.310000000000000000e+05 2.073356763313982318e-02 2.084997293639411983e-02
2.315000000000000000e+05 2.071080945471957466e-02 2.086094486557529826e-02
2.320000000000000000e+05 2.073811069645338859e-02 2.085348738323190843e-02
2.325000000000000000e+05 2.070043755311645750e-02 2.083351504444112476e-02
2.330000000000000000e+05 2.073086750975629972e-02 2.083788667115363952e-02
2.335000000000000000e+05 2.072722448760615233e-02 2.081971441554361993e-02
2.340000000000000000e+05 2.070266622680737648e-02 2.085438742303680204e-02
2.345000000000000000e+05 2.072898170981751428e-02 2.085665895507883560e-02
2.350000000000000000e+05 2.070193762157819181e-02 2.085601607002967803e-02
2.355000000000000000e+05 2.070240907181414985e-02 2.083047204884976369e-02
2.360000000000000000e+05 2.071059515839846626e-02 2.083612944854907126e-02
2.365000000000000000e+05 2.070360912637422834e-02 2.083458652064146613e-02
2.370000000000000000e+05 2.072002416032141248e-02 2.086441645108384410e-02
2.375000000000000000e+05 2.072040989112288942e-02 2.081495705501910237e-02
2.380000000000000000e+05 2.075015410335520963e-02 2.082575754735742010e-02
2.385000000000000000e+05 2.072649588248453092e-02 2.082597184343193408e-02
2.390000000000000000e+05 2.075684012191631594e-02 2.083141494801438870e-02
2.395000000000000000e+05 2.073361049259880851e-02 2.088074576796975640e-02
2.400000000000000000e+05 2.070686641656720520e-02 2.083604372985863387e-02
2.405000000000000000e+05 2.072366718201001587e-02 2.082665758874442663e-02
2.410000000000000000e+05 2.074351094351699343e-02 2.086985955707676074e-02
2.415000000000000000e+05 2.070240907253398377e-02 2.083338646638633468e-02
2.420000000000000000e+05 2.070780931793145957e-02 2.084191542697539853e-02
2.425000000000000000e+05 2.066709317788802125e-02 2.084924433245065323e-02
2.430000000000000000e+05 2.073035320156392525e-02 2.083544370407119581e-02
2.435000000000000000e+05 2.072889599190517324e-02 2.085220160993016963e-02
2.440000000000000000e+05 2.073433909767797428e-02 2.084037249957458593e-02
2.445000000000000000e+05 2.069220860806996604e-02 2.085464457802823496e-02
2.450000000000000000e+05 2.072246712793627058e-02 2.084843000909566632e-02
2.455000000000000000e+05 2.073926789307498075e-02 2.084182970826532755e-02
2.460000000000000000e+05 2.072401005549748612e-02 2.084075823049089463e-02
2.465000000000000000e+05 2.067857941478449049e-02 2.083025775205467334e-02
2.470000000000000000e+05 2.074573961662392815e-02 2.080899964178094946e-02
2.475000000000000000e+05 2.073421052032558415e-02 2.083394363634381852e-02
2.480000000000000000e+05 2.077059789160790385e-02 2.083788667090275340e-02
2.485000000000000000e+05 2.072885313243862798e-02 2.083462937999894585e-02
2.490000000000000000e+05 2.074436812609233363e-02 2.080938537282657139e-02
2.495000000000000000e+05 2.067853655513073388e-02 2.084568702718664346e-02
2.500000000000000000e+05 2.072701019187774690e-02 2.084877288213723978e-02
2.505000000000000000e+05 2.074933978086247396e-02 2.083677233549085031e-02
2.510000000000000000e+05 2.072593871474973093e-02 2.085880191045462115e-02
2.515000000000000000e+05 2.070566636193636387e-02 2.082395746540720988e-02
2.520000000000000000e+05 2.069748027520273634e-02 2.086038769679222915e-02
2.525000000000000000e+05 2.075049697552408881e-02 2.083351504514339980e-02
2.530000000000000000e+05 2.074141084867738363e-02 2.084255831386960106e-02
2.535000000000000000e+05 2.070168046666646944e-02 2.086801661644885342e-02
2.540000000000000000e+05 2.068822271143592323e-02 2.082695760156616505e-02
2.545000000000000000e+05 2.070973797657960080e-02 2.082288598887748962e-02
2.550000000000000000e+05 2.070163760720263035e-02 2.083445794398659442e-02
2.555000000000000000e+05 2.070819504959810556e-02 2.085001579548809506e-02
2.560000000000000000e+05 2.067009331374528719e-02 2.083467223892162060e-02
2.565000000000000000e+05 2.069109427047476427e-02 2.080775672761038878e-02
2.570000000000000000e+05 2.073519627899478995e-02 2.083274358039914620e-02
2.575000000000000000e+05 2.072649588245721597e-02 2.084165827271890897e-02
2.580000000000000000e+05 2.073635347525619108e-02 2.086985955743822854e-02
2.585000000000000000e+05 2.073348191486627801e-02 2.084170113238290392e-02
2.590000000000000000e+05 2.074826830342621151e-02 2.082558611098605031e-02
2.595000000000000000e+05 2.075092556704643751e-02 2.083407221218547614e-02
2.600000000000000000e+05 2.067476495540672421e-02 2.085995910539983900e-02
2.605000000000000000e+05 2.072679589685444759e-02 2.083145780732197083e-02
2.610000000000000000e+05 2.070206619979904003e-02 2.082545753299660032e-02
2.615000000000000000e+05 2.070789503568792531e-02 2.081872865567825637e-02
2.620000000000000000e+05 2.072525296983418475e-02 2.082905769780051680e-02
2.625000000000000000e+05 2.073253901570602103e-02 2.083475795862909166e-02
2.630000000000000000e+05 2.070648068574497402e-02 2.081071400461822346e-02
2.635000000000000000e+05 2.070138045365025117e-02 2.084933005057390196e-02
2.640000000000000000e+05 2.071933841363465811e-02 2.082314314239260694e-02
2.645000000000000000e+05 2.071166663629394472e-02 2.086300210190488585e-02
2.650000000000000000e+05 2.072246712896240114e-02 2.083402935297314768e-02
2.655000000000000000e+05 2.073836785269055419e-02 2.082935771117406729e-02
2.660000000000000000e+05 2.069705168487949096e-02 2.085957337341932255e-02
2.665000000000000000e+05 2.072538154636333063e-02 2.082935771244084217e-02
2.670000000000000000e+05 2.070395199824671614e-02 2.082734333410060298e-02
2.675000000000000000e+05 2.070245192973139622e-02 2.085224446910324478e-02
2.680000000000000000e+05 2.073588202509039913e-02 2.082232881922876574e-02
2.685000000000000000e+05 2.069615164372775803e-02 2.084787284096830534e-02
2.690000000000000000e+05 2.069623736259597335e-02 2.081251408700645830e-02
2.695000000000000000e+05 2.069328008360865265e-02 2.084843000850714750e-02
2.700000000000000000e+05 2.068269388824089602e-02 2.083282929776552120e-02
2.705000000000000000e+05 2.072833882388529919e-02 2.083235784854261738e-02
2.710000000000000000e+05 2.069983752548094566e-02 2.084118682210674492e-02
2.715000000000000000e+05 2.069092283376777752e-02 2.083480081645577853e-02
2.720000000000000000e+05 2.070695213524164496e-02 2.082374317025414978e-02
2.725000000000000000e+05 2.073438195649872015e-02 2.082215738252114756e-02
2.730000000000000000e+05 2.074483957564058484e-02 2.083415792985946619e-02
2.735000000000000000e+05 2.073918217411841250e-02 2.084230115820565749e-02
2.740000000000000000e+05 2.074393953456287604e-02 2.081101401797155748e-02
2.745000000000000000e+05 2.069619450285464790e-02 2.084727281365578513e-02
2.750000000000000000e+05 2.069276577446257925e-02 2.087855995425813918e-02
2.755000000000000000e+05 2.074573961727016816e-02 2.084590132250509556e-02
2.760000000000000000e+05 2.070973797670034103e-02 2.083188639745177026e-02
2.765000000000000000e+05 2.071290954998507988e-02 2.081148546873540575e-02
2.770000000000000000e+05 2.069580877160103610e-02 2.084632991414185274e-02
2.775000000000000000e+05 2.071530965915353850e-02 2.081028541436745483e-02
2.780000000000000000e+05 2.068372250577164145e-02 2.081311411415712534e-02
2.785000000000000000e+05 2.069383725280420430e-02 2.086325925654551258e-02
2.790000000000000000e+05 2.072332430972887232e-02 2.082717189876492556e-02
2.795000000000000000e+05 2.070802361252481114e-02 2.084727281366366078e-02
2.800000000000000000e+05 2.071766691011494438e-02 2.082910055660051191e-02
2.805000000000000000e+05 2.070583779955120426e-02 2.088344589053928863e-02
2.810000000000000000e+05 2.070168046716779758e-02 2.083784381276806985e-02
2.815000000000000000e+05 2.070695213653992242e-02 2.083651518124793670e-02
2.820000000000000000e+05 2.072803881052907513e-02 2.083591515386139237e-02
2.825000000000000000e+05 2.067510782719051560e-02 2.084204400346167940e-02
2.830000000000000000e+05 2.076202607301238026e-02 2.083921530296690625e-02
2.835000000000000000e+05 2.070245193082312363e-02 2.082970058402778754e-02
2.840000000000000000e+05 2.072375290054280852e-02 2.085147300526829853e-02
2.845000000000000000e+05 2.073043891927985397e-02 2.080925679556519178e-02
2.850000000000000000e+05 2.074891118913645138e-02 2.084024392169728582e-02
2.855000000000000000e+05 2.075255421289909363e-02 2.087667415352148503e-02
2.860000000000000000e+05 2.071980986413461331e-02 2.082695760210093172e-02
2.865000000000000000e+05 2.073849642845762217e-02 2.082142877947159437e-02
2.870000000000000000e+05 2.073155325547758332e-02 2.081281410083677189e-02
2.875000000000000000e+05 2.069379439377479896e-02 2.081607139136293361e-02
2.880000000000000000e+05 2.070018039843258412e-02 2.084860144556898234e-02
2.885000000000000000e+05 2.072083848178671306e-02 2.082661472900223729e-02
2.890000000000000000e+05 2.072002415924956847e-02 2.082310028360083096e-02
2.895000000000000000e+05 2.071470963181630889e-02 2.083552942310711725e-02
2.900000000000000000e+05 2.071659543298027054e-02 2.082130020192237557e-02
2.905000000000000000e+05 2.073579630640477039e-02 2.085374453746463921e-02
2.910000000000000000e+05 2.071728117702337571e-02 2.082057159613280237e-02
2.915000000000000000e+05 2.069405154932065297e-02 2.083677233464321238e-02
2.920000000000000000e+05 2.070515205287656521e-02 2.085348738241032257e-02
2.925000000000000000e+05 2.071985272274994017e-02 2.081238550946357471e-02
2.930000000000000000e+05 2.070780931721717677e-02 2.081864293785772729e-02
2.935000000000000000e+05 2.071140948023509828e-02 2.085091583708796950e-02
2.940000000000000000e+05 2.071115232722355037e-02 2.084410124086693433e-02
2.945000000000000000e+05 2.069002279235298072e-02 2.084735853188646876e-02
2.950000000000000000e+05 2.073361049264269007e-02 2.083492939405654637e-02
2.955000000000000000e+05 2.069473729213191712e-02 2.082661472999987676e-02
2.960000000000000000e+05 2.070215191724471618e-02 2.085464457777672781e-02
2.965000000000000000e+05 2.071869552708366022e-02 2.083360076241030229e-02
2.970000000000000000e+05 2.072623872775920112e-02 2.085734470093507376e-02
2.975000000000000000e+05 2.065972141327500344e-02 2.081671427895329801e-02
2.980000000000000000e+05 2.072083848121708885e-02 2.085443028326747217e-02
2.985000000000000000e+05 2.068535115235665273e-02 2.080312794535685642e-02
2.990000000000000000e+05 2.073069607481016832e-02 2.083552942114456560e-02
2.995000000000000000e+05 2.066542167326665749e-02 2.084830143205035693e-02
3.000000000000000000e+05 2.068599403770689932e-02 2.082974344352581109e-02
3.005000000000000000e+05 2.071595254545374395e-02 2.081439988778109942e-02
3.010000000000000000e+05 2.070408057592111953e-02 2.084551559035795892e-02
3.015000000000000000e+05 2.072628158718259686e-02 2.085164444205226189e-02
3.020000000000000000e+05 2.070733786742903759e-02 2.085353024237534408e-02
3.025000000000000000e+05 2.070142331206546032e-02 2.084452983195060269e-02
3.030000000000000000e+05 2.073369621055785872e-02 2.080638523645988655e-02
3.035000000000000000e+05 2.069529446301613534e-02 2.085374453783615106e-02
3.040000000000000000e+05 2.070746644388108196e-02 2.083527226597117060e-02
3.045000000000000000e+05 2.071119518551924749e-02 2.083364362083042418e-02
3.050000000000000000e+05 2.067780795177403402e-02 2.085970195121015017e-02
3.055000000000000000e+05 2.072868169667955660e-02 2.081015683686023021e-02
3.060000000000000000e+05 2.069670881216385122e-02 2.083655804022039454e-02
3.065000000000000000e+05 2.072833882377765266e-02 2.084851572693169341e-02
3.070000000000000000e+05 2.069225146635520277e-02 2.084521557802724093e-02
3.075000000000000000e+05 2.068723695158537074e-02 2.080591378693221957e-02
3.080000000000000000e+05 2.071813835858702171e-02 2.082177165144482103e-02
3.085000000000000000e+05 2.071638113610103568e-02 2.084641563144101414e-02
3.090000000000000000e+05 2.072366718248153800e-02 2.084894431834070569e-02
3.095000000000000000e+05 2.071779548740143584e-02 2.083145780694882487e-02
3.100000000000000000e+05 2.067742221881209430e-02 2.081272838204804160e-02
3.105000000000000000e+05 2.072765307740210422e-02 2.084401552291965248e-02
3.110000000000000000e+05 2.068016520157152371e-02 2.082297170627653293e-02
3.115000000000000000e+05 2.072190995879429412e-02 2.080518518228296337e-02
3.120000000000000000e+05 2.070168046691592961e-02 2.079082738452574589e-02
3.125000000000000000e+05 2.073026748319221207e-02 2.082601470133218710e-02
3.130000000000000000e+05 2.069735169761880225e-02 2.082314314250890974e-02
3.135000000000000000e+05 2.067317916892238983e-02 2.082382888892064798e-02
3.140000000000000000e+05 2.069053710256340411e-02 2.080441371716699669e-02
3.145000000000000000e+05 2.071393816707929950e-02 2.082147163934422798e-02
3.150000000000000000e+05 2.070052327111546533e-02 2.081397129596261261e-02
3.155000000000000000e+05 2.071046658074171543e-02 2.079249889044963370e-02
3.160000000000000000e+05 2.068903703293578991e-02 2.082670044873976417e-02
3.165000000000000000e+05 2.069512302588687527e-02 2.081289981789178484e-02
3.170000000000000000e+05 2.066906469520460310e-02 2.085730184206559257e-02
3.175000000000000000e+05 2.068582260135343187e-02 2.082777192543200720e-02
3.180000000000000000e+05 2.073116752457865308e-02 2.085803044591382979e-02
3.185000000000000000e+05 2.071916697688103159e-02 2.084474412736716381e-02
3.190000000000000000e+05 2.074749683922221324e-02 2.083612944898734914e-02
3.195000000000000000e+05 2.073258187401872538e-02 2.084855858780611942e-02
3.200000000000000000e+05 2.069126570711728869e-02 2.083017203419009269e-02
3.205000000000000000e+05 2.073613917919144012e-02 2.082121448223497873e-02
3.210000000000000000e+05 2.073746781105922574e-02 2.082575754750583263e-02
3.215000000000000000e+05 2.073909645622112191e-02 2.084641563107324236e-02
3.220000000000000000e+05 2.070759502240213795e-02 2.083557228062317412e-02
3.225000000000000000e+05 2.070549492583005288e-02 2.082850052890030182e-02
3.230000000000000000e+05 2.070639496769166935e-02 2.080239934049141551e-02
3.235000000000000000e+05 2.070802361227589566e-02 2.086403072101197104e-02
3.240000000000000000e+05 2.069075139745109662e-02 2.078336990232628953e-02
3.245000000000000000e+05 2.070305195876937995e-02 2.081812862857524912e-02
3.250000000000000000e+05 2.070738072730615026e-02 2.081675713744069595e-02
3.255000000000000000e+05 2.070438059104285147e-02 2.082781478502288008e-02
3.260000000000000000e+05 2.066983615962624671e-02 2.082121448318067017e-02
3.265000000000000000e+05 2.072881027391098099e-02 2.085545890107049286e-02
3.270000000000000000e+05 2.070030897577526674e-02 2.081418559128621684e-02
3.275000000000000000e+05 2.069409440724147287e-02 2.081478561913327821e-02
3.280000000000000000e+05 2.068547972943256610e-02 2.083797238925433337e-02
3.285000000000000000e+05 2.067030760875732467e-02 2.083625802578186609e-02
3.290000000000000000e+05 2.070343768934299750e-02 2.080887106394714581e-02
3.295000000000000000e+05 2.071968128694831601e-02 2.084135825762435321e-02
3.300000000000000000e+05 2.071059515894041816e-02 2.081332840931821374e-02
3.305000000000000000e+05 2.072962459583277753e-02 2.083441508492577671e-02
3.310000000000000000e+05 2.069585162991858379e-02 2.083960103578229306e-02
3.315000000000000000e+05 2.068873701942089763e-02 2.080287078991603297e-02
3.320000000000000000e+05 2.070840934504031630e-02 2.083441508514599985e-02
3.325000000000000000e+05 2.071350957662598455e-02 2.082678616646610817e-02
3.330000000000000000e+05 2.070613781227137462e-02 2.084997293748687419e-02
3.335000000000000000e+05 2.069568019352974533e-02 2.083994390805524177e-02
3.340000000000000000e+05 2.070708071211052256e-02 2.082258597471592018e-02
3.345000000000000000e+05 2.069482301105725341e-02 2.082905769880992117e-02
3.350000000000000000e+05 2.069105141098996625e-02 2.083878671200711796e-02
3.355000000000000000e+05 2.064956380809246372e-02 2.083908672683128585e-02
3.360000000000000000e+05 2.067870799115100258e-02 2.083261500255075352e-02
3.365000000000000000e+05 2.069915178104539746e-02 2.082408604210815237e-02
3.370000000000000000e+05 2.067742221768331320e-02 2.082022872464008023e-02
3.375000000000000000e+05 2.069002279230002656e-02 2.082117162462438636e-02
3.380000000000000000e+05 2.067137908730333831e-02 2.083458652128310912e-02
3.385000000000000000e+05 2.069019422966243346e-02 2.082618613925986406e-02
3.390000000000000000e+05 2.070673783979453189e-02 2.082010014653254068e-02
3.395000000000000000e+05 2.070365198519174069e-02 2.084101538555930763e-02
3.400000000000000000e+05 2.067360776027949223e-02 2.083694377168160763e-02
3.405000000000000000e+05 2.066970758217421059e-02 2.082374317070631933e-02
3.410000000000000000e+05 2.069559447592808979e-02 2.081362842343655040e-02
3.415000000000000000e+05 2.070215191653161646e-02 2.078105551084756183e-02
3.420000000000000000e+05 2.070952368216846112e-02 2.084941576785835290e-02
3.425000000000000000e+05 2.068942276719360623e-02 2.081499991466823074e-02
3.430000000000000000e+05 2.070900937276556539e-02 2.086908809340332419e-02
3.435000000000000000e+05 2.065749274035406577e-02 2.085035866781125707e-02
3.440000000000000000e+05 2.070943796278883198e-02 2.080419942201272229e-02
3.445000000000000000e+05 2.072242426929232079e-02 2.083985819016479293e-02
3.450000000000000000e+05 2.074222517024309695e-02 2.084611561738781635e-02
3.455000000000000000e+05 2.072332430915459558e-02 2.082095732867923071e-02
3.460000000000000000e+05 2.068895131604546467e-02 2.082134306079754318e-02
3.465000000000000000e+05 2.067965089260192374e-02 2.083522940806522075e-02
3.470000000000000000e+05 2.070652354385171812e-02 2.083810096700751402e-02
3.475000000000000000e+05 2.069563733514438730e-02 2.082387174773807706e-02
3.480000000000000000e+05 2.070549492542436698e-02 2.086137345646696048e-02
3.485000000000000000e+05 2.069958037217154226e-02 2.083732950264618675e-02
3.490000000000000000e+05 2.072572441935753573e-02 2.080342795908123044e-02
3.495000000000000000e+05 2.068805127547557188e-02 2.086775946220760861e-02
3.500000000000000000e+05 2.069392297054136950e-02 2.081911438829312649e-02
3.505000000000000000e+05 2.070326625196920040e-02 2.082931485203746297e-02
3.510000000000000000e+05 2.068543686936852657e-02 2.084050107640628494e-02
3.515000000000000000e+05 2.071835265334772552e-02 2.082528609790714608e-02
3.520000000000000000e+05 2.071123804640228119e-02 2.083291501686442351e-02
3.525000000000000000e+05 2.069280863551049496e-02 2.084148683636186106e-02
3.530000000000000000e+05 2.067793652963871229e-02 2.087688844891847501e-02
3.535000000000000000e+05 2.069520874416702974e-02 2.083368648031555526e-02
3.540000000000000000e+05 2.069928035739667521e-02 2.087658843584752622e-02
3.545000000000000000e+05 2.072739592307807147e-02 2.089998950161000776e-02
3.550000000000000000e+05 2.068989421598875500e-02 2.081984299207169029e-02
3.555000000000000000e+05 2.071398102738036123e-02 2.082181451107370171e-02
3.560000000000000000e+05 2.071646685416393685e-02 2.082494322441377430e-02
3.565000000000000000e+05 2.070343769017674029e-02 2.083248642578978960e-02
3.570000000000000000e+05 2.071308098600356876e-02 2.088563170452306314e-02
3.575000000000000000e+05 2.071402388647990492e-02 2.082670044732012546e-02
3.580000000000000000e+05 2.065042098943382573e-02 2.085871619264517002e-02
3.585000000000000000e+05 2.069117998909814765e-02 2.083424364889245248e-02
3.590000000000000000e+05 2.071295240840761998e-02 2.080981396319693186e-02
3.595000000000000000e+05 2.069653737502635815e-02 2.087534552131346463e-02
3.600000000000000000e+05 2.070716643125592588e-02 2.079841344491930102e-02
3.605000000000000000e+05 2.068367964695435809e-02 2.081508563234559309e-02
3.610000000000000000e+05 2.069289435206587632e-02 2.078015547060129212e-02
3.615000000000000000e+05 2.071839551368305846e-02 2.083904386801813460e-02
3.620000000000000000e+05 2.068715123315176610e-02 2.081062828631962541e-02
3.625000000000000000e+05 2.065603553082931074e-02 2.080861391053907827e-02
3.630000000000000000e+05 2.071230952142312162e-02 2.082001442900166185e-02
3.635000000000000000e+05 2.066932185079141740e-02 2.082331457844137368e-02
3.640000000000000000e+05 2.066062145379874565e-02 2.082935771142765263e-02
3.645000000000000000e+05 2.067840797894295382e-02 2.082798622081881781e-02
3.650000000000000000e+05 2.071976700500990573e-02 2.082207166568885923e-02
3.655000000000000000e+05 2.069713740225558041e-02 2.083942960008018652e-02
3.660000000000000000e+05 2.069833745697369567e-02 2.083818668401258081e-02
3.665000000000000000e+05 2.071603826372914181e-02 2.084062965365815825e-02
3.670000000000000000e+05 2.066923613260655476e-02 2.086013054246814089e-02
3.675000000000000000e+05 2.074346808414428978e-02 2.084568702612342103e-02
3.680000000000000000e+05 2.068586546085763450e-02 2.085498745131235399e-02
3.685000000000000000e+05 2.066692174112054817e-02 2.083150066692356084e-02
3.690000000000000000e+05 2.073343905562626682e-02 2.084641563198419076e-02
3.695000000000000000e+05 2.064656367108618287e-02 2.083060062531574830e-02
3.700000000000000000e+05 2.068805127517717168e-02 2.079104168050589785e-02
3.705000000000000000e+05 2.070579493887448816e-02 2.086313067873827795e-02
3.710000000000000000e+05 2.069430870327747599e-02 2.083141494850695649e-02
3.715000000000000000e+05 2.072872455605473396e-02 2.084264403175819375e-02
3.720000000000000000e+05 2.071612398263109403e-02 2.084752996791338492e-02
3.725000000000000000e+05 2.067339346418648263e-02 2.083630088531959051e-02
3.730000000000000000e+05 2.067665075568722935e-02 2.081971441628974531e-02
3.735000000000000000e+05 2.066469306748201784e-02 2.079862774060346406e-02
3.740000000000000000e+05 2.070442344945795654e-02 2.082391460617125795e-02
3.745000000000000000e+05 2.068307961946394893e-02 2.083265786199827233e-02
3.750000000000000000e+05 2.070695213569197571e-02 2.082357173300801098e-02
3.755000000000000000e+05 2.070283766237020900e-02 2.086270208864922371e-02
3.760000000000000000e+05 2.069970894737045708e-02 2.080235648121166528e-02
3.765000000000000000e+05 2.069383725210256764e-02 2.085473029763316999e-02
3.770000000000000000e+05 2.067039332789858547e-02 2.079554188542951168e-02
3.775000000000000000e+05 2.069953751189990837e-02 2.081547136518496419e-02
3.780000000000000000e+05 2.067515068726174035e-02 2.083265786169454306e-02
3.785000000000000000e+05 2.067356489989411947e-02 2.083137208898618378e-02
3.790000000000000000e+05 2.071796692265169201e-02 2.082258597389125346e-02
3.795000000000000000e+05 2.067665075515221634e-02 2.083402935288258817e-02
3.800000000000000000e+05 2.069992324346005622e-02 2.084221544090138906e-02
3.805000000000000000e+05 2.070678069933630516e-02 2.080299936860548898e-02
3.810000000000000000e+05 2.071830979650999410e-02 2.082451463449930262e-02
3.815000000000000000e+05 2.071963842719698121e-02 2.082738619406518735e-02
3.820000000000000000e+05 2.067875085083485664e-02 2.086111630240065212e-02
3.825000000000000000e+05 2.069370867487815846e-02 2.084487270559684177e-02
3.830000000000000000e+05 2.070052327076370158e-02 2.083874385366627988e-02
3.835000000000000000e+05 2.065590695396722631e-02 2.082601470195673959e-02
3.840000000000000000e+05 2.072186710114615887e-02 2.081049970963561729e-02
3.845000000000000000e+05 2.069040852562305244e-02 2.084894431812622795e-02
3.850000000000000000e+05 2.068595117915689521e-02 2.086214492019247690e-02
3.855000000000000000e+05 2.068072237042967165e-02 2.081002825961872360e-02
3.860000000000000000e+05 2.065470689900494872e-02 2.081431416835738055e-02
3.865000000000000000e+05 2.069713740256394138e-02 2.082232881977236216e-02
3.870000000000000000e+05 2.069542303998719510e-02 2.085087297823729618e-02
3.875000000000000000e+05 2.070733786748690103e-02 2.083068634341778830e-02
3.880000000000000000e+05 2.072405291436595770e-02 2.084705851805238042e-02
3.885000000000000000e+05 2.067185053743895301e-02 2.080214218528294093e-02
3.890000000000000000e+05 2.069666595224129921e-02 2.081598567374069730e-02
3.895000000000000000e+05 2.068025091896306261e-02 2.085361595885597275e-02
3.900000000000000000e+05 2.069010851145551555e-02 2.087024528951868241e-02
3.905000000000000000e+05 2.070566636187012172e-02 2.080908535885129390e-02
3.910000000000000000e+05 2.064403498488058888e-02 2.085927336026334802e-02
3.915000000000000000e+05 2.068916561104675034e-02 2.085113013250705638e-02
3.920000000000000000e+05 2.068012234186148920e-02 2.083385791673895635e-02
3.925000000000000000e+05 2.067137908712291666e-02 2.083878671214444561e-02
3.930000000000000000e+05 2.067557927744449048e-02 2.083090063920143425e-02
3.935000000000000000e+05 2.067695076934692941e-02 2.086167347034232483e-02
3.940000000000000000e+05 2.068123667818946507e-02 2.080535661720138776e-02
3.945000000000000000e+05 2.067716506545623154e-02 2.086805947442965312e-02
3.950000000000000000e+05 2.070600923432590335e-02 2.084744424943921898e-02
3.955000000000000000e+05 2.070930938616487998e-02 2.086094486513453625e-02
3.960000000000000000e+05 2.066610741749120086e-02 2.082147163828487052e-02
3.965000000000000000e+05 2.068132239655595672e-02 2.080904249996693919e-02
3.970000000000000000e+05 2.068800841560001005e-02 2.085400169134973489e-02
3.975000000000000000e+05 2.069902320292529505e-02 2.079905633120721076e-02
3.980000000000000000e+05 2.071950985049926183e-02 2.083257214343397709e-02
3.985000000000000000e+05 2.069306578829648718e-02 2.080531375897971824e-02
3.990000000000000000e+05 2.070116615749205066e-02 2.079717053142693742e-02
3.995000000000000000e+05 2.067189339579586504e-02 2.082035730064273060e-02
4.000000000000000000e+05 2.070892365381345884e-02 2.083664375816278447e-02
