0.000000000000000000e+00 2.954936965690997328e-02 2.955580948489046345e-02
4.000000000000000000e+01 2.955809689216228053e-02 2.956007237307042151e-02
8.000000000000000000e+01 2.956172034709460619e-02 2.956365749939086907e-02
1.200000000000000000e+02 2.956230104087970503e-02 2.956563407091406664e-02
1.600000000000000000e+02 2.956456803742812250e-02 2.956852741288667347e-02
2.000000000000000000e+02 2.956419659269320793e-02 2.957190453640779620e-02
2.400000000000000000e+02 2.956453126679550389e-02 2.956729248406287161e-02
2.800000000000000000e+02 2.956345370336393996e-02 2.956985411220215340e-02
3.200000000000000000e+02 2.956243191907412249e-02 2.957011633589303606e-02
3.600000000000000000e+02 2.956575435424283263e-02 2.957334653314831405e-02
4.000000000000000000e+02 2.956316249950836222e-02 2.957029255395755840e-02
4.400000000000000000e+02 2.956076929919105103e-02 2.956843470739753399e-02
4.800000000000000000e+02 2.956302663549329260e-02 2.956915889990931884e-02
5.200000000000000000e+02 2.956134578614955447e-02 2.957023677483268734e-02
5.600000000000000000e+02 2.956081012065683508e-02 2.956809426851916139e-02
6.000000000000000000e+02 2.955831954069619572e-02 2.956725618092021987e-02
6.400000000000000000e+02 2.955867820927389131e-02 2.956608669121254043e-02
6.800000000000000000e+02 2.955796757194425681e-02 2.956905466478985944e-02
7.200000000000000000e+02 2.955599396078733079e-02 2.956744517527701288e-02
7.600000000000000000e+02 2.955369050540661291e-02 2.956744579846443816e-02
8.000000000000000000e+02 2.955240696472749215e-02 2.956500351878527458e-02
8.400000000000000000e+02 2.955210610086993900e-02 2.956491019030991346e-02
8.800000000000000000e+02 2.955100890576697545e-02 2.956348034643644165e-02
9.200000000000000000e+02 2.954894134269816022e-02 2.956593166291037952e-02
9.600000000000000000e+02 2.954894025205385619e-02 2.956475858968887066e-02
1.000000000000000000e+03 2.954728978516088164e-02 2.956350652213958485e-02
1.040000000000000000e+03 2.954606482805063883e-02 2.956299033246241950e-02
1.080000000000000000e+03 2.954575072051028248e-02 2.956426078538778104e-02
1.120000000000000000e+03 2.954407283152278921e-02 2.956153259923353926e-02
1.160000000000000000e+03 2.954222776128029651e-02 2.956259099841325108e-02
1.200000000000000000e+03 2.954163522609555212e-02 2.956163776909476529e-02
1.240000000000000000e+03 2.954206930523802649e-02 2.956150283999592343e-02
1.280000000000000000e+03 2.954086320086548798e-02 2.955959014944312471e-02
1.320000000000000000e+03 2.954106325741562636e-02 2.955904684937105467e-02
1.360000000000000000e+03 2.953825327251229788e-02 2.955812805352576664e-02
1.400000000000000000e+03 2.953693171484777016e-02 2.955945428535984576e-02
1.440000000000000000e+03 2.953530399587057931e-02 2.955722998023754128e-02
1.480000000000000000e+03 2.953426959104957575e-02 2.955737098585182326e-02
1.520000000000000000e+03 2.953422939277899895e-02 2.955843172198726818e-02
1.560000000000000000e+03 2.953264265113260054e-02 2.955496236054121553e-02
1.600000000000000000e+03 2.953061513050894357e-02 2.955497435770887416e-02
1.640000000000000000e+03 2.953209685800096615e-02 2.955609352167610018e-02
1.680000000000000000e+03 2.952983188717466650e-02 2.955705500859808627e-02
1.720000000000000000e+03 2.952805023049887706e-02 2.955475357875839842e-02
1.760000000000000000e+03 2.952741500407701086e-02 2.955167248913719708e-02
1.800000000000000000e+03 2.952648202987065082e-02 2.955334632705629294e-02
1.840000000000000000e+03 2.952456575572721606e-02 2.955560787026118019e-02
1.880000000000000000e+03 2.952463571314833599e-02 2.955171969866484880e-02
1.920000000000000000e+03 2.952390887209669842e-02 2.955239621412744308e-02
1.960000000000000000e+03 2.952193977922282914e-02 2.955174509539821789e-02
2.000000000000000000e+03 2.952145054425380638e-02 2.955176457124509409e-02
2.040000000000000000e+03 2.951893830706425748e-02 2.954903778735093467e-02
2.080000000000000000e+03 2.952203061484265714e-02 2.955369237506931882e-02
2.120000000000000000e+03 2.951918276885276415e-02 2.954870887818746364e-02
2.160000000000000000e+03 2.951988966666265618e-02 2.955037321189769167e-02
2.200000000000000000e+03 2.951766816590743747e-02 2.954898761751548197e-02
2.240000000000000000e+03 2.951611445542196704e-02 2.955091916065678490e-02
2.280000000000000000e+03 2.951330945634964703e-02 2.954882339645270237e-02
2.320000000000000000e+03 2.951670558829587107e-02 2.954717853869600133e-02
2.360000000000000000e+03 2.951255379080534869e-02 2.954574043715389037e-02
2.400000000000000000e+03 2.951304567450534211e-02 2.954800509656022034e-02
2.440000000000000000e+03 2.951483434258367344e-02 2.954651168339304454e-02
2.480000000000000000e+03 2.951143867789835645e-02 2.954662838303147993e-02
2.520000000000000000e+03 2.950955122806803860e-02 2.954852175355322796e-02
2.560000000000000000e+03 2.951059186506354085e-02 2.954570865245424727e-02
2.600000000000000000e+03 2.951061928717510149e-02 2.954625304320439988e-02
2.640000000000000000e+03 2.950951352270098083e-02 2.954287778938603781e-02
2.680000000000000000e+03 2.950791509550853772e-02 2.954403200997353027e-02
2.720000000000000000e+03 2.950707248945267508e-02 2.954594470056097488e-02
2.760000000000000000e+03 2.950696654061905552e-02 2.954276763361224703e-02
2.800000000000000000e+03 2.950729217780943131e-02 2.954422084851115668e-02
2.840000000000000000e+03 2.950751280106581748e-02 2.954271606139706463e-02
2.880000000000000000e+03 2.950678751804400313e-02 2.954209485770116494e-02
2.920000000000000000e+03 2.950424131489679663e-02 2.954265482918723082e-02
2.960000000000000000e+03 2.950121896460416657e-02 2.954286781776623363e-02
3.000000000000000000e+03 2.950245264688728872e-02 2.954289773273659561e-02
3.040000000000000000e+03 2.950284434650619209e-02 2.954207709563125631e-02
3.080000000000000000e+03 2.950090859644864671e-02 2.954219270463690275e-02
3.120000000000000000e+03 2.950006708104113348e-02 2.954188327122705265e-02
3.160000000000000000e+03 2.949777733681107489e-02 2.954078950401947332e-02
3.200000000000000000e+03 2.949963346938923314e-02 2.954065769091141283e-02
3.240000000000000000e+03 2.949845385217636853e-02 2.954131504192562818e-02
3.280000000000000000e+03 2.949686492916380604e-02 2.954316400750643321e-02
3.320000000000000000e+03 2.949878431942211041e-02 2.953926929194769166e-02
3.360000000000000000e+03 2.949483725281073360e-02 2.953683698395748181e-02
3.400000000000000000e+03 2.949728888087421730e-02 2.953755026978949552e-02
3.440000000000000000e+03 2.949678920678357186e-02 2.954098005626630899e-02
3.480000000000000000e+03 2.949647478767684211e-02 2.953837402318465130e-02
3.520000000000000000e+03 2.949534378242436861e-02 2.954108631700700857e-02
3.560000000000000000e+03 2.949484457582178532e-02 2.953841811663923331e-02
3.600000000000000000e+03 2.949268539805438225e-02 2.953777603464890697e-02
3.640000000000000000e+03 2.949247209790375676e-02 2.953936822955761932e-02
3.680000000000000000e+03 2.949465371181734033e-02 2.953926913620296898e-02
3.720000000000000000e+03 2.949021367084056489e-02 2.953709764966807108e-02
3.760000000000000000e+03 2.949201075237883884e-02 2.954068698284242900e-02
3.800000000000000000e+03 2.948946299114455286e-02 2.953723211132969900e-02
3.840000000000000000e+03 2.948962814693510334e-02 2.953609908055512129e-02
3.880000000000000000e+03 2.948958000247772770e-02 2.953787637463680532e-02
3.920000000000000000e+03 2.949084920879907132e-02 2.953753796104841359e-02
3.960000000000000000e+03 2.948683218465196140e-02 2.953665951937923043e-02
4.000000000000000000e+03 2.948708287872138165e-02 2.953606667264597682e-02
