0.000000000000000000e+00 2.987150606046961795e-02 2.987466961202655397e-02
4.000000000000000000e+01 2.987444380472676839e-02 2.987903338355684876e-02
8.000000000000000000e+01 2.987959885773965735e-02 2.988266665484344900e-02
1.200000000000000000e+02 2.987979823837171034e-02 2.988215566454421879e-02
1.600000000000000000e+02 2.987896658596961297e-02 2.988569318144081166e-02
2.000000000000000000e+02 2.988029747722695598e-02 2.988467333747455226e-02
2.400000000000000000e+02 2.988195409107046591e-02 2.988449582905385038e-02
2.800000000000000000e+02 2.987930237313905432e-02 2.988518893840179033e-02
3.200000000000000000e+02 2.987835371247418714e-02 2.988522998406190415e-02
3.600000000000000000e+02 2.987867836673234120e-02 2.988547102883930620e-02
4.000000000000000000e+02 2.987885165813121413e-02 2.988398079042387315e-02
4.400000000000000000e+02 2.987671003081742924e-02 2.988412967936514980e-02
4.800000000000000000e+02 2.987684317621808541e-02 2.988456330142431547e-02
5.200000000000000000e+02 2.987466280855861911e-02 2.988392647526804530e-02
5.600000000000000000e+02 2.987355041515452406e-02 2.988232800010092935e-02
6.000000000000000000e+02 2.987276588085308743e-02 2.988354750579184579e-02
6.400000000000000000e+02 2.987167682161101859e-02 2.988253350948783318e-02
6.800000000000000000e+02 2.987088278499996571e-02 2.988203477667112848e-02
7.200000000000000000e+02 2.987056678970276616e-02 2.988063292701668636e-02
7.600000000000000000e+02 2.986760115688801703e-02 2.987984136447205397e-02
8.000000000000000000e+02 2.986693374329246753e-02 2.987896456175364104e-02
8.400000000000000000e+02 2.986563647571610289e-02 2.987868522644564553e-02
8.800000000000000000e+02 2.986496192131123106e-02 2.987841280698129084e-02
9.200000000000000000e+02 2.986373516234819628e-02 2.987907313596863124e-02
9.600000000000000000e+02 2.986202288384415260e-02 2.987745515003128668e-02
1.000000000000000000e+03 2.986097391440417290e-02 2.987800386863355070e-02
1.040000000000000000e+03 2.985872635565400141e-02 2.987746319048978014e-02
1.080000000000000000e+03 2.985878038967628226e-02 2.987725166479907046e-02
1.120000000000000000e+03 2.985755818506051137e-02 2.987408175958344153e-02
1.160000000000000000e+03 2.985643567075468852e-02 2.987517008786433337e-02
1.200000000000000000e+03 2.985505799867798488e-02 2.987380101851632233e-02
1.240000000000000000e+03 2.985341993978725406e-02 2.987257279761633758e-02
1.280000000000000000e+03 2.985151244147515176e-02 2.987323796209479659e-02
1.320000000000000000e+03 2.985136642011897851e-02 2.987151573149190650e-02
1.360000000000000000e+03 2.985106628078468965e-02 2.987220721017092712e-02
1.400000000000000000e+03 2.984943294492724969e-02 2.987226011970692263e-02
1.440000000000000000e+03 2.984863221728087726e-02 2.987060822896320245e-02
1.480000000000000000e+03 2.984634068909616453e-02 2.986999462453053186e-02
1.520000000000000000e+03 2.984656357261027473e-02 2.986896814577724019e-02
1.560000000000000000e+03 2.984482559843904328e-02 2.987000035969060441e-02
1.600000000000000000e+03 2.984373046659560477e-02 2.986810107047426638e-02
1.640000000000000000e+03 2.984290494294427470e-02 2.986992473446771837e-02
1.680000000000000000e+03 2.984178945707072206e-02 2.986755679382221973e-02
1.720000000000000000e+03 2.984239800103645826e-02 2.986718715800646892e-02
1.760000000000000000e+03 2.983923506792190289e-02 2.986763500543592256e-02
1.800000000000000000e+03 2.983757642990230233e-02 2.986584861993294218e-02
1.840000000000000000e+03 2.983769686801132637e-02 2.986651457156762682e-02
1.880000000000000000e+03 2.983773167247980376e-02 2.986434719239502641e-02
1.920000000000000000e+03 2.983606977329730098e-02 2.986552233506225076e-02
1.960000000000000000e+03 2.983453820816037508e-02 2.986524552995422147e-02
2.000000000000000000e+03 2.983547894081959098e-02 2.986447240972567654e-02
