0.000000000000000000e+00 2.998468346989477396e-02 2.996767524386639847e-02
1.000000000000000000e+01 2.996527117935107037e-02 2.997394140343337052e-02
2.000000000000000000e+01 2.998508654397569889e-02 2.999571660263058992e-02
3.000000000000000000e+01 2.999824446529725588e-02 2.999769919138517774e-02
4.000000000000000000e+01 2.999233543064293989e-02 2.999293282430021482e-02
5.000000000000000000e+01 2.999152256103640793e-02 2.999419565368008009e-02
6.000000000000000000e+01 2.999625118806049234e-02 3.000006926238029878e-02
7.000000000000000000e+01 2.999838600411678519e-02 2.999934035729008575e-02
8.000000000000000000e+01 3.000107342143717645e-02 3.000211085778480002e-02
9.000000000000000000e+01 3.000215471321483057e-02 3.000225382890440648e-02
1.000000000000000000e+02 3.000352360029119245e-02 3.000608490554442995e-02
1.100000000000000000e+02 3.000223757593421456e-02 3.000500868247429204e-02
1.200000000000000000e+02 3.000290157927376980e-02 3.000497479910443563e-02
1.300000000000000000e+02 3.000207642343897738e-02 3.000437635869623518e-02
1.400000000000000000e+02 3.000134669194341394e-02 3.000290774986405160e-02
1.500000000000000000e+02 3.000225300249331414e-02 3.000511573184245009e-02
1.600000000000000000e+02 3.000155858680452620e-02 3.000284191155947605e-02
1.700000000000000000e+02 3.000305005994844884e-02 3.000418082701648143e-02
1.800000000000000000e+02 3.000188937639263961e-02 3.000572596251636914e-02
1.900000000000000000e+02 3.000000237719512020e-02 3.000432175967973625e-02
2.000000000000000000e+02 3.000190551917819581e-02 3.000405950814845693e-02
2.100000000000000000e+02 3.000086009407994941e-02 3.000467150188831575e-02
2.200000000000000000e+02 3.000133242243030809e-02 3.000384408712914591e-02
2.300000000000000000e+02 3.000108592787391337e-02 3.000496361483595553e-02
2.400000000000000000e+02 3.000137969379989070e-02 3.000405454960590121e-02
2.500000000000000000e+02 3.000233382663860041e-02 3.000459392825304689e-02
2.600000000000000000e+02 3.000165841864764829e-02 3.000413482282517433e-02
2.700000000000000000e+02 3.000250125996973757e-02 3.000655023682862951e-02
2.800000000000000000e+02 3.000267480883383325e-02 3.000545506106143054e-02
2.900000000000000000e+02 3.000263866659427445e-02 3.000579907345085617e-02
3.000000000000000000e+02 3.000254274636578872e-02 3.000744966052014753e-02
3.100000000000000000e+02 3.000320261761630497e-02 3.000621514983014756e-02
3.200000000000000000e+02 3.000141170389459752e-02 3.000561759089947350e-02
3.300000000000000000e+02 3.000150894634221257e-02 3.000476009447184192e-02
3.400000000000000000e+02 3.000191218566381629e-02 3.000521269879783195e-02
3.500000000000000000e+02 3.000106003341461436e-02 3.000630286086869089e-02
3.600000000000000000e+02 3.000244247379795989e-02 3.000663326479739712e-02
3.700000000000000000e+02 3.000248963496236418e-02 3.000713231409843015e-02
3.800000000000000000e+02 3.000215157282699538e-02 3.000710537273953982e-02
3.900000000000000000e+02 3.000093491286942582e-02 3.000734663318302062e-02
4.000000000000000000e+02 3.000160359931859991e-02 3.000703132526066907e-02
4.100000000000000000e+02 3.000195488418947246e-02 3.000657056680055765e-02
4.200000000000000000e+02 3.000109556956018220e-02 3.000764524734494607e-02
4.300000000000000000e+02 3.000268604818463053e-02 3.000849453463897906e-02
4.400000000000000000e+02 3.000230368977226808e-02 3.000775764087609127e-02
4.500000000000000000e+02 3.000159880604189380e-02 3.000715942082480756e-02
4.600000000000000000e+02 3.000181736740022490e-02 3.000806281135269885e-02
4.700000000000000000e+02 3.000116350150895325e-02 3.000712696990415207e-02
4.800000000000000000e+02 3.000310895641867051e-02 3.000845073419503711e-02
4.900000000000000000e+02 3.000204744358913114e-02 3.000849084335686923e-02
5.000000000000000000e+02 3.000115683505357941e-02 3.000804204055265365e-02
5.100000000000000000e+02 3.000090637378689806e-02 3.000727765443226072e-02
5.200000000000000000e+02 2.999874819764655406e-02 3.000531985824928666e-02
5.300000000000000000e+02 3.000068693093440111e-02 3.000832170210135721e-02
5.400000000000000000e+02 3.000017857059517762e-02 3.000633233667181904e-02
5.500000000000000000e+02 3.000052302368932944e-02 3.000881788642453113e-02
5.600000000000000000e+02 3.000000546252416106e-02 3.000845007312611876e-02
5.700000000000000000e+02 2.999999433332302748e-02 3.000849750977156727e-02
5.800000000000000000e+02 2.999917353007769405e-02 3.000803256421951185e-02
5.900000000000000000e+02 2.999986133440391001e-02 3.000764144577546672e-02
6.000000000000000000e+02 2.999885761603340861e-02 3.000738426298755687e-02
6.100000000000000000e+02 2.999896042305185903e-02 3.000658395487093913e-02
6.200000000000000000e+02 2.999907920765832597e-02 3.000778551885944362e-02
6.300000000000000000e+02 2.999816661634568601e-02 3.000704003020520164e-02
6.400000000000000000e+02 2.999897281937891416e-02 3.000741192058856491e-02
6.500000000000000000e+02 2.999873365261027103e-02 3.000721352396268360e-02
6.600000000000000000e+02 2.999868946661111285e-02 3.000846682196296050e-02
6.700000000000000000e+02 2.999869701458217353e-02 3.000831608245067492e-02
6.800000000000000000e+02 2.999750718576693273e-02 3.000814126637812648e-02
6.900000000000000000e+02 2.999856555818628673e-02 3.000887997834819979e-02
7.000000000000000000e+02 2.999784254826142263e-02 3.000626170506069668e-02
7.100000000000000000e+02 2.999756564142376514e-02 3.000589576496668145e-02
7.200000000000000000e+02 2.999556927895398462e-02 3.000660103429822825e-02
7.300000000000000000e+02 2.999627708273628832e-02 3.000766524677282721e-02
7.400000000000000000e+02 2.999673051344456734e-02 3.000776684173763961e-02
7.500000000000000000e+02 2.999699006538892807e-02 3.000716801564418806e-02
7.600000000000000000e+02 2.999566095678738581e-02 3.000656731631863930e-02
7.700000000000000000e+02 2.999582480891622299e-02 3.000817250517762158e-02
7.800000000000000000e+02 2.999619983972276471e-02 3.000742784308222527e-02
7.900000000000000000e+02 2.999625961763915591e-02 3.000758695694925871e-02
8.000000000000000000e+02 2.999524421926394110e-02 3.000627602968119340e-02
8.100000000000000000e+02 2.999602910075723980e-02 3.000691176939605451e-02
8.200000000000000000e+02 2.999507171717471360e-02 3.000647304896037967e-02
8.300000000000000000e+02 2.999437873397727342e-02 3.000674389528871014e-02
8.400000000000000000e+02 2.999539975208023734e-02 3.000689749983740870e-02
8.500000000000000000e+02 2.999452682900433792e-02 3.000799939710455111e-02
8.600000000000000000e+02 2.999477183585864265e-02 3.000776348085452266e-02
8.700000000000000000e+02 2.999381445235350246e-02 3.000681072540195213e-02
8.800000000000000000e+02 2.999444462744073336e-02 3.000558916197615042e-02
8.900000000000000000e+02 2.999450429516041516e-02 3.000597377923859554e-02
9.000000000000000000e+02 2.999285012686365298e-02 3.000581488564719318e-02
9.100000000000000000e+02 2.999290400971578799e-02 3.000595973003797670e-02
9.200000000000000000e+02 2.999212540901636734e-02 3.000602562351358665e-02
9.300000000000000000e+02 2.999274098398643437e-02 3.000722669161876022e-02
9.400000000000000000e+02 2.999289899606967860e-02 3.000666207945210454e-02
9.500000000000000000e+02 2.999192425765469586e-02 3.000441756966175377e-02
9.600000000000000000e+02 2.999199885611607275e-02 3.000591796817753468e-02
9.700000000000000000e+02 2.999236457582155069e-02 3.000589918079800064e-02
9.800000000000000000e+02 2.999241763222243451e-02 3.000591901497087072e-02
9.900000000000000000e+02 2.999094753587057405e-02 3.000617019246982348e-02
1.000000000000000000e+03 2.999022518714674485e-02 3.000396882202494009e-02
1.010000000000000000e+03 2.999084643684298002e-02 3.000456103669206162e-02
1.020000000000000000e+03 2.999006535689637334e-02 3.000454737318488177e-02
1.030000000000000000e+03 2.999156008060437431e-02 3.000541120560897002e-02
1.040000000000000000e+03 2.998892032021384033e-02 3.000642131487378517e-02
1.050000000000000000e+03 2.999095155784707242e-02 3.000575720134567720e-02
1.060000000000000000e+03 2.999016965143387267e-02 3.000403862715227132e-02
1.070000000000000000e+03 2.998972250148832300e-02 3.000654164202471927e-02
1.080000000000000000e+03 2.998893888720664119e-02 3.000403983925829104e-02
1.090000000000000000e+03 2.998915039640993527e-02 3.000470703806173284e-02
1.100000000000000000e+03 2.998771699326948856e-02 3.000376320794393911e-02
1.110000000000000000e+03 2.998766272478687808e-02 3.000384805404986838e-02
1.120000000000000000e+03 2.998742708404729743e-02 3.000424027438934604e-02
1.130000000000000000e+03 2.998891128474310760e-02 3.000339418249345011e-02
1.140000000000000000e+03 2.998816662249268947e-02 3.000413388617642618e-02
1.150000000000000000e+03 2.998758647357259791e-02 3.000316002935542875e-02
1.160000000000000000e+03 2.998759550912761043e-02 3.000484323263132372e-02
1.170000000000000000e+03 2.998720119513207522e-02 3.000430952862909867e-02
1.180000000000000000e+03 2.998564735466489536e-02 3.000145308014798284e-02
1.190000000000000000e+03 2.998525375690693287e-02 3.000273139129936220e-02
1.200000000000000000e+03 2.998507921635410259e-02 3.000283452885371335e-02
1.210000000000000000e+03 2.998555589710235128e-02 3.000186089235754028e-02
1.220000000000000000e+03 2.998404778536288215e-02 3.000290146914451686e-02
1.230000000000000000e+03 2.998417494429267416e-02 3.000231636157517368e-02
1.240000000000000000e+03 2.998540917952945140e-02 3.000279629304116943e-02
1.250000000000000000e+03 2.998523877106013327e-02 3.000113716620756224e-02
1.260000000000000000e+03 2.998433841077533316e-02 3.000205989500516826e-02
1.270000000000000000e+03 2.998377556157557494e-02 3.000203653481295363e-02
1.280000000000000000e+03 2.998139116598097509e-02 3.000270169512236212e-02
1.290000000000000000e+03 2.998241174326827727e-02 3.000183130646770849e-02
1.300000000000000000e+03 2.998192046233614724e-02 3.000023829348137661e-02
1.310000000000000000e+03 2.998275961229806760e-02 3.000138961099113599e-02
1.320000000000000000e+03 2.998332086369697239e-02 3.000102053035865954e-02
1.330000000000000000e+03 2.998096390536090713e-02 3.000049288688659901e-02
1.340000000000000000e+03 2.998093922281654805e-02 3.000033636229032172e-02
1.350000000000000000e+03 2.998099222405664274e-02 3.000033504008338056e-02
1.360000000000000000e+03 2.998152785633865364e-02 2.999907419406003597e-02
1.370000000000000000e+03 2.997959793827757388e-02 2.999934145925261392e-02
1.380000000000000000e+03 2.998000007571092682e-02 2.999978376077709272e-02
1.390000000000000000e+03 2.997846590409799367e-02 2.999870026520794902e-02
1.400000000000000000e+03 2.997873388545512635e-02 2.999902361699709891e-02
1.410000000000000000e+03 2.997842612554772745e-02 2.999932586735843190e-02
1.420000000000000000e+03 2.997816684915024371e-02 2.999880852657552457e-02
1.430000000000000000e+03 2.997891999600495877e-02 2.999886257465031805e-02
1.440000000000000000e+03 2.997733915890244544e-02 2.999998375519181276e-02
1.450000000000000000e+03 2.997895872755147739e-02 2.999912526701849561e-02
1.460000000000000000e+03 2.997537497181351762e-02 2.999796568530677457e-02
1.470000000000000000e+03 2.997803974524905837e-02 2.999752564260317611e-02
1.480000000000000000e+03 2.997513734762760271e-02 2.999849839754248002e-02
1.490000000000000000e+03 2.997484589582219416e-02 2.999774480996863363e-02
1.500000000000000000e+03 2.997527034669812684e-02 2.999717287020234324e-02
1.510000000000000000e+03 2.997416398667427859e-02 2.999753335591571340e-02
1.520000000000000000e+03 2.997618282788951788e-02 2.999767114819143141e-02
1.530000000000000000e+03 2.997554361720805582e-02 2.999642903437591684e-02
1.540000000000000000e+03 2.997401418375461590e-02 2.999762404205601196e-02
1.550000000000000000e+03 2.997409208788965468e-02 2.999565544734452208e-02
1.560000000000000000e+03 2.997392884173656971e-02 2.999635234234174913e-02
1.570000000000000000e+03 2.997204983142441256e-02 2.999657933319220190e-02
1.580000000000000000e+03 2.997172030893551983e-02 2.999594188553783569e-02
1.590000000000000000e+03 2.997294071538552512e-02 2.999421780186292338e-02
1.600000000000000000e+03 2.997119106762440727e-02 2.999680896855551337e-02
1.610000000000000000e+03 2.997161061509928670e-02 2.999453906010804763e-02
1.620000000000000000e+03 2.997144907694175228e-02 2.999411273597920105e-02
1.630000000000000000e+03 2.997094281025492607e-02 2.999490990359318654e-02
1.640000000000000000e+03 2.997185286726226222e-02 2.999430760652568168e-02
1.650000000000000000e+03 2.997190636429406321e-02 2.999394998571208032e-02
1.660000000000000000e+03 2.996924511698696031e-02 2.999400375831081170e-02
1.670000000000000000e+03 2.996882837941857586e-02 2.999426617518696769e-02
1.680000000000000000e+03 2.996887041676312216e-02 2.999108984597125341e-02
1.690000000000000000e+03 2.996881063890057331e-02 2.999296709336404451e-02
1.700000000000000000e+03 2.996881085924811908e-02 2.999335810158388141e-02
1.710000000000000000e+03 2.996839753759893837e-02 2.999305155378130180e-02
1.720000000000000000e+03 2.996623881058823463e-02 2.999321342253235059e-02
1.730000000000000000e+03 2.996833528037937469e-02 2.999340719109981276e-02
1.740000000000000000e+03 2.996879008847160020e-02 2.999261145592565028e-02
1.750000000000000000e+03 2.996692567828568993e-02 2.999257779302339638e-02
1.760000000000000000e+03 2.996620944495783159e-02 2.999195852677217014e-02
1.770000000000000000e+03 2.996672998123404985e-02 2.999118163397282433e-02
1.780000000000000000e+03 2.996612680266582882e-02 2.999170448431198732e-02
1.790000000000000000e+03 2.996492573462268202e-02 2.999198486202732730e-02
1.800000000000000000e+03 2.996562466805791775e-02 2.999109623693805779e-02
1.810000000000000000e+03 2.996554720466438129e-02 2.999107629262049921e-02
1.820000000000000000e+03 2.996533872566873105e-02 2.999239350067579510e-02
1.830000000000000000e+03 2.996477835582925936e-02 2.999076373938821052e-02
1.840000000000000000e+03 2.996365315338796187e-02 2.999100753421262908e-02
1.850000000000000000e+03 2.996442822791102120e-02 2.999049564783818483e-02
1.860000000000000000e+03 2.996338291300150447e-02 2.998990150477595651e-02
1.870000000000000000e+03 2.996323641576066621e-02 2.998876616479754023e-02
1.880000000000000000e+03 2.996130550604424528e-02 2.998847504358734262e-02
1.890000000000000000e+03 2.996193463425057130e-02 2.998838039058926777e-02
1.900000000000000000e+03 2.996175921224612446e-02 2.999045443682280335e-02
1.910000000000000000e+03 2.996234938847056051e-02 2.998758432487457631e-02
1.920000000000000000e+03 2.996186879590473015e-02 2.999034815887373362e-02
1.930000000000000000e+03 2.996096193445446296e-02 2.998865983173348848e-02
1.940000000000000000e+03 2.996028581021717430e-02 2.998772641463562025e-02
1.950000000000000000e+03 2.996024999854268733e-02 2.998734427654553211e-02
1.960000000000000000e+03 2.996049803573591630e-02 2.998841653281084790e-02
1.970000000000000000e+03 2.995948324328382914e-02 2.998729138541866845e-02
1.980000000000000000e+03 2.995834724225880652e-02 2.998618722929419916e-02
1.990000000000000000e+03 2.995999154852798524e-02 2.998798266083051514e-02
2.000000000000000000e+03 2.995956219427309969e-02 2.998844986515487171e-02
2.010000000000000000e+03 2.995932005230897074e-02 2.998650644887277880e-02
2.020000000000000000e+03 2.995770395460265259e-02 2.998688313248330448e-02
2.030000000000000000e+03 2.995669290871764978e-02 2.998693409527742465e-02
2.040000000000000000e+03 2.995913256437524735e-02 2.998640606603571179e-02
2.050000000000000000e+03 2.995808934322033781e-02 2.998558664005513547e-02
2.060000000000000000e+03 2.995590053435638958e-02 2.998607544173991293e-02
2.070000000000000000e+03 2.995655660395876024e-02 2.998638386286596111e-02
2.080000000000000000e+03 2.995601865777719475e-02 2.998476363302934183e-02
2.090000000000000000e+03 2.995691725499733532e-02 2.998746239992894705e-02
2.100000000000000000e+03 2.995461528130585055e-02 2.998508020810158881e-02
2.110000000000000000e+03 2.995473158654215345e-02 2.998500709722502766e-02
2.120000000000000000e+03 2.995458492403478556e-02 2.998443047437245046e-02
2.130000000000000000e+03 2.995403358971769972e-02 2.998364322380618965e-02
2.140000000000000000e+03 2.995331476694362491e-02 2.998333865934708214e-02
2.150000000000000000e+03 2.995194549427984687e-02 2.998360757742209171e-02
2.160000000000000000e+03 2.995299433530443714e-02 2.998516086704734046e-02
2.170000000000000000e+03 2.995316215419989436e-02 2.998399235998963283e-02
2.180000000000000000e+03 2.995241192742890274e-02 2.998410695723251196e-02
2.190000000000000000e+03 2.995305036676335075e-02 2.998442121834310123e-02
2.200000000000000000e+03 2.995105290225804490e-02 2.998305492078842324e-02
2.210000000000000000e+03 2.995145222995030179e-02 2.998297310494959025e-02
2.220000000000000000e+03 2.995218190630895283e-02 2.998305326791260786e-02
2.230000000000000000e+03 2.995090111593151985e-02 2.998176680281459255e-02
2.240000000000000000e+03 2.995091544066629669e-02 2.998219929750826213e-02
2.250000000000000000e+03 2.994963123439541713e-02 2.998211345975661246e-02
2.260000000000000000e+03 2.994918248675624770e-02 2.998242331326801680e-02
2.270000000000000000e+03 2.994967194949361283e-02 2.998038342583578958e-02
2.280000000000000000e+03 2.994931118833230738e-02 2.998388790008581911e-02
2.290000000000000000e+03 2.994951917143878761e-02 2.998181875731683113e-02
2.300000000000000000e+03 2.994867208789645310e-02 2.998216359602659878e-02
2.310000000000000000e+03 2.994820267964584323e-02 2.998140174423000182e-02
2.320000000000000000e+03 2.994753702343564902e-02 2.998106489423345983e-02
2.330000000000000000e+03 2.994696998706448607e-02 2.998035670480715328e-02
2.340000000000000000e+03 2.994688574708057743e-02 2.997985242151117447e-02
2.350000000000000000e+03 2.994599376119521858e-02 2.997887145744517964e-02
2.360000000000000000e+03 2.994615397702619572e-02 2.997839835778384754e-02
2.370000000000000000e+03 2.994552424276032687e-02 2.998003010245954211e-02
2.380000000000000000e+03 2.994520370077819252e-02 2.997826613011708372e-02
2.390000000000000000e+03 2.994563900536703974e-02 2.997808492307854622e-02
2.400000000000000000e+03 2.994538088584800320e-02 2.997928373229561197e-02
2.410000000000000000e+03 2.994458322235408684e-02 2.998017615889428736e-02
2.420000000000000000e+03 2.994366633362966976e-02 2.997782647304853346e-02
2.430000000000000000e+03 2.994339157549638641e-02 2.997786151342520314e-02
2.440000000000000000e+03 2.994369233842971920e-02 2.997794443117486607e-02
2.450000000000000000e+03 2.994282564108133315e-02 2.997568956359978123e-02
2.460000000000000000e+03 2.994379200501029806e-02 2.997813373714488042e-02
2.470000000000000000e+03 2.994223832973656393e-02 2.997823643392653545e-02
2.480000000000000000e+03 2.994213486158736615e-02 2.997824938126426864e-02
2.490000000000000000e+03 2.994099880550957563e-02 2.997860006007330158e-02
2.500000000000000000e+03 2.994207883015278376e-02 2.997746615260085679e-02
2.510000000000000000e+03 2.994141796719076987e-02 2.997722687559583807e-02
2.520000000000000000e+03 2.993991453846742840e-02 2.997588724392575774e-02
2.530000000000000000e+03 2.994119835907874116e-02 2.997612349072443019e-02
2.540000000000000000e+03 2.993920403512775885e-02 2.997505272206224536e-02
2.550000000000000000e+03 2.993933808093504970e-02 2.997799566944043051e-02
2.560000000000000000e+03 2.994006626982615576e-02 2.997414575033665110e-02
2.570000000000000000e+03 2.993948584536180318e-02 2.997439147342809487e-02
2.580000000000000000e+03 2.994094800800118847e-02 2.997500748912132820e-02
2.590000000000000000e+03 2.993866173633158087e-02 2.997476595323290277e-02
2.600000000000000000e+03 2.993934458211897423e-02 2.997446733909950659e-02
2.610000000000000000e+03 2.993801624494943359e-02 2.997394999824359516e-02
2.620000000000000000e+03 2.993763912060286997e-02 2.997417759520235384e-02
2.630000000000000000e+03 2.993674630819351257e-02 2.997465714085777860e-02
2.640000000000000000e+03 2.993519604884301369e-02 2.997392239575147679e-02
2.650000000000000000e+03 2.993547973233283421e-02 2.997216525515106200e-02
2.660000000000000000e+03 2.993573989037160571e-02 2.997292060578355191e-02
2.670000000000000000e+03 2.993598985573445864e-02 2.997218183873394393e-02
2.680000000000000000e+03 2.993568474038701618e-02 2.997348312437200096e-02
2.690000000000000000e+03 2.993527246545091974e-02 2.997376030663601726e-02
2.700000000000000000e+03 2.993687253062293774e-02 2.997297437837076473e-02
2.710000000000000000e+03 2.993451110955188885e-02 2.997218073683812628e-02
2.720000000000000000e+03 2.993407734761574165e-02 2.997139029075699540e-02
2.730000000000000000e+03 2.993352502161133674e-02 2.997205600204196768e-02
2.740000000000000000e+03 2.993294057529984412e-02 2.997170752701991056e-02
2.750000000000000000e+03 2.993429645992315077e-02 2.997151144442327872e-02
2.760000000000000000e+03 2.993314222244759445e-02 2.997058463861117239e-02
2.770000000000000000e+03 2.993273281255178636e-02 2.997095134998631338e-02
2.780000000000000000e+03 2.993357135644530292e-02 2.997035456241571930e-02
2.790000000000000000e+03 2.993395393517122097e-02 2.997181011368744291e-02
2.800000000000000000e+03 2.993342260022600204e-02 2.996937161482459214e-02
2.810000000000000000e+03 2.993355703170122104e-02 2.996984735903809177e-02
2.820000000000000000e+03 2.993249948578138517e-02 2.996909283484614980e-02
2.830000000000000000e+03 2.993089947573508366e-02 2.996983705632024972e-02
2.840000000000000000e+03 2.993005905870515376e-02 2.996895283876635507e-02
2.850000000000000000e+03 2.993002787493762723e-02 2.997007688421544913e-02
2.860000000000000000e+03 2.993012335440233332e-02 2.996926880791671299e-02
2.870000000000000000e+03 2.993097969393493374e-02 2.996910423951312102e-02
2.880000000000000000e+03 2.993008963634558386e-02 2.996774554497190143e-02
2.890000000000000000e+03 2.992980005778351008e-02 2.996726059993592636e-02
2.900000000000000000e+03 2.993028963065358372e-02 2.996848392637901926e-02
2.910000000000000000e+03 2.993022654708652613e-02 2.996766494118946814e-02
2.920000000000000000e+03 2.992772336691725682e-02 2.996851610181195183e-02
2.930000000000000000e+03 2.992728613406372279e-02 2.996759397897632779e-02
2.940000000000000000e+03 2.992740365140343639e-02 2.996641853005706929e-02
2.950000000000000000e+03 2.992710536784246381e-02 2.996857538383615460e-02
2.960000000000000000e+03 2.992737075977719777e-02 2.996726225282197661e-02
2.970000000000000000e+03 2.992811255702042608e-02 2.996767932097082338e-02
2.980000000000000000e+03 2.992737439601712846e-02 2.996672022950051112e-02
2.990000000000000000e+03 2.992657563067134888e-02 2.996577039402326115e-02
3.000000000000000000e+03 2.992763549058135436e-02 2.996811440510745161e-02
3.010000000000000000e+03 2.992559560317769457e-02 2.996745023644767358e-02
3.020000000000000000e+03 2.992653530122742211e-02 2.996601760466607520e-02
3.030000000000000000e+03 2.992518872762379989e-02 2.996691879141172299e-02
3.040000000000000000e+03 2.992508019078872136e-02 2.996545850199212532e-02
3.050000000000000000e+03 2.992276234972261403e-02 2.996707779511172121e-02
3.060000000000000000e+03 2.992418704785114458e-02 2.996514462656283545e-02
3.070000000000000000e+03 2.992439932840334008e-02 2.996542759376029721e-02
3.080000000000000000e+03 2.992396832129682466e-02 2.996533608120915265e-02
3.090000000000000000e+03 2.992428930391473688e-02 2.996446260713808013e-02
3.100000000000000000e+03 2.992316211804772405e-02 2.996369722931598728e-02
3.110000000000000000e+03 2.992236858663128996e-02 2.996501531884770975e-02
3.120000000000000000e+03 2.992244891502757187e-02 2.996488243002024682e-02
3.130000000000000000e+03 2.992248307387965212e-02 2.996412834665418412e-02
3.140000000000000000e+03 2.992247916213958137e-02 2.996536787089842252e-02
3.150000000000000000e+03 2.992342800589163979e-02 2.996440745725309149e-02
3.160000000000000000e+03 2.992289854419288159e-02 2.996481317579587772e-02
3.170000000000000000e+03 2.992167912954449976e-02 2.996387154949754772e-02
3.180000000000000000e+03 2.992071816488857047e-02 2.996323674641761942e-02
3.190000000000000000e+03 2.991998264838019450e-02 2.996408614394622041e-02
3.200000000000000000e+03 2.992016561848585138e-02 2.996229401814367796e-02
3.210000000000000000e+03 2.992010578549951158e-02 2.996344935749277807e-02
3.220000000000000000e+03 2.992057117179986250e-02 2.996281736430054035e-02
3.230000000000000000e+03 2.991964155611876938e-02 2.996369028732212558e-02
3.240000000000000000e+03 2.991814539998028863e-02 2.996105532027793991e-02
3.250000000000000000e+03 2.991971620968003620e-02 2.996409683239402780e-02
3.260000000000000000e+03 2.991933903022796562e-02 2.996312407741238276e-02
3.270000000000000000e+03 2.991877667691530615e-02 2.996459494502728971e-02
3.280000000000000000e+03 2.991828688358144292e-02 2.996019077161650446e-02
3.290000000000000000e+03 2.991917616975763722e-02 2.996116650166862072e-02
3.300000000000000000e+03 2.991870863478969175e-02 2.996185904421855978e-02
3.310000000000000000e+03 2.991832429299513124e-02 2.996072844240439681e-02
3.320000000000000000e+03 2.991766690111944196e-02 2.996179254467444888e-02
3.330000000000000000e+03 2.991827850912009631e-02 2.996070541272527477e-02
3.340000000000000000e+03 2.991713490502997952e-02 2.996183320465831829e-02
3.350000000000000000e+03 2.991795620417282350e-02 2.996195948215474650e-02
3.360000000000000000e+03 2.991686549112710508e-02 2.996272061768319103e-02
3.370000000000000000e+03 2.991640517347756573e-02 2.996068673558368103e-02
3.380000000000000000e+03 2.991703589951717063e-02 2.995883334436780232e-02
3.390000000000000000e+03 2.991598309172375028e-02 2.996112154431572125e-02
3.400000000000000000e+03 2.991517826594406945e-02 2.996083686909550153e-02
3.410000000000000000e+03 2.991560503085023345e-02 2.995972979287700455e-02
3.420000000000000000e+03 2.991461029296312718e-02 2.996125255988329669e-02
3.430000000000000000e+03 2.991405895864661033e-02 2.996046541952621795e-02
3.440000000000000000e+03 2.991594832690855355e-02 2.996000256758201558e-02
3.450000000000000000e+03 2.991566453326186328e-02 2.995997953793660962e-02
3.460000000000000000e+03 2.991450115005950261e-02 2.995967712217904866e-02
3.470000000000000000e+03 2.991452500612354348e-02 2.995963326675862501e-02
3.480000000000000000e+03 2.991371979460192079e-02 2.995981463899485830e-02
3.490000000000000000e+03 2.991240947345919984e-02 2.995892017379634537e-02
3.500000000000000000e+03 2.991303210050180392e-02 2.995884403273223542e-02
3.510000000000000000e+03 2.991338569937579059e-02 2.996017787945234184e-02
3.520000000000000000e+03 2.991450324369844885e-02 2.995819391332085746e-02
3.530000000000000000e+03 2.991365726203486577e-02 2.995983111236540444e-02
3.540000000000000000e+03 2.991187229845826065e-02 2.995769982255886213e-02
3.550000000000000000e+03 2.991359704325935454e-02 2.995949321549041047e-02
3.560000000000000000e+03 2.991092665022994021e-02 2.995868982215998261e-02
3.570000000000000000e+03 2.991191152604519288e-02 2.995665516877820886e-02
3.580000000000000000e+03 2.991108763744880841e-02 2.995885725545203299e-02
3.590000000000000000e+03 2.990979709526837838e-02 2.995778196896580620e-02
3.600000000000000000e+03 2.991159869742696098e-02 2.995777287826523888e-02
3.610000000000000000e+03 2.991030237030090425e-02 2.995774951809685241e-02
3.620000000000000000e+03 2.991140625105784615e-02 2.995723526262085087e-02
3.630000000000000000e+03 2.991080219089084155e-02 2.996010620100231919e-02
3.640000000000000000e+03 2.990990976428328438e-02 2.995818294948214555e-02
3.650000000000000000e+03 2.991047674561363515e-02 2.995841104212849243e-02
3.660000000000000000e+03 2.991148426536108934e-02 2.995812460396518259e-02
3.670000000000000000e+03 2.990986414569903745e-02 2.995740104309561544e-02
3.680000000000000000e+03 2.990857839677227639e-02 2.995694965088955414e-02
3.690000000000000000e+03 2.990860627488531667e-02 2.995678414584147450e-02
3.700000000000000000e+03 2.991030848583833487e-02 2.995663853010224406e-02
3.710000000000000000e+03 2.990972839201195069e-02 2.995635627909584014e-02
3.720000000000000000e+03 2.990900901831078720e-02 2.995653517218542852e-02
3.730000000000000000e+03 2.990974464492276649e-02 2.995799942835738680e-02
3.740000000000000000e+03 2.990893067343553327e-02 2.995777106017265962e-02
3.750000000000000000e+03 2.990794822176243151e-02 2.995706507457287018e-02
3.760000000000000000e+03 2.990947897749882470e-02 2.995511752616684953e-02
3.770000000000000000e+03 2.990827978271622112e-02 2.995513559731520156e-02
3.780000000000000000e+03 2.990863172870208975e-02 2.995648332787159349e-02
3.790000000000000000e+03 2.990876131182363534e-02 2.995502937438217564e-02
3.800000000000000000e+03 2.990642060641062611e-02 2.995457803722829937e-02
3.810000000000000000e+03 2.990661283238379639e-02 2.995561134153601132e-02
3.820000000000000000e+03 2.990687844478153931e-02 2.995659269119038334e-02
3.830000000000000000e+03 2.990802006547528188e-02 2.995586075584591099e-02
3.840000000000000000e+03 2.990684362477624009e-02 2.995622394125894636e-02
3.850000000000000000e+03 2.990613108292060687e-02 2.995625038680923766e-02
3.860000000000000000e+03 2.990649834528935971e-02 2.995516722171661164e-02
3.870000000000000000e+03 2.990559489968762363e-02 2.995635831762923779e-02
3.880000000000000000e+03 2.990680257910853512e-02 2.995588141649557085e-02
3.890000000000000000e+03 2.990539788043483291e-02 2.995525691620307476e-02
3.900000000000000000e+03 2.990599780847809364e-02 2.995711107883890570e-02
3.910000000000000000e+03 2.990648870366621748e-02 2.995556318848863545e-02
3.920000000000000000e+03 2.990606491400948572e-02 2.995489279420411946e-02
3.930000000000000000e+03 2.990467239125993784e-02 2.995468971453061485e-02
3.940000000000000000e+03 2.990576007411333351e-02 2.995550980160308074e-02
3.950000000000000000e+03 2.990417361743530691e-02 2.995456492469178097e-02
3.960000000000000000e+03 2.990413361856313762e-02 2.995392808309199975e-02
3.970000000000000000e+03 2.990345650263985869e-02 2.995378505684819295e-02
3.980000000000000000e+03 2.990428342155829547e-02 2.995449991271226589e-02
3.990000000000000000e+03 2.990277145310368812e-02 2.995347917008830615e-02
4.000000000000000000e+03 2.990309601696527347e-02 2.995389745035158258e-02
4.010000000000000000e+03 2.990285448104263930e-02 2.995546605629734183e-02
4.020000000000000000e+03 2.990486687615256933e-02 2.995439143093680742e-02
4.030000000000000000e+03 2.990317210295418901e-02 2.995493361954029016e-02
4.040000000000000000e+03 2.990267459634329481e-02 2.995366472965467139e-02
4.050000000000000000e+03 2.990185004652839984e-02 2.995439324902480702e-02
4.060000000000000000e+03 2.990306059094520463e-02 2.995448013366541762e-02
4.070000000000000000e+03 2.990194244070541046e-02 2.995366831080069694e-02
4.080000000000000000e+03 2.990278599809333832e-02 2.995352776380085999e-02
4.090000000000000000e+03 2.990237196022112881e-02 2.995386742361652241e-02
4.100000000000000000e+03 2.990238942528421554e-02 2.995406934631758902e-02
4.110000000000000000e+03 2.990222634447753380e-02 2.995321603703356150e-02
4.120000000000000000e+03 2.990285988032776940e-02 2.995264723760005660e-02
4.130000000000000000e+03 2.990147424454107916e-02 2.995519041669532367e-02
4.140000000000000000e+03 2.990126703262914812e-02 2.995288690025695033e-02
4.150000000000000000e+03 2.990228000688935697e-02 2.995301620801014628e-02
4.160000000000000000e+03 2.990100698493703898e-02 2.995333944952477054e-02
4.170000000000000000e+03 2.990266682798801978e-02 2.995284398136073903e-02
4.180000000000000000e+03 2.990025328711436864e-02 2.995243616913267209e-02
4.190000000000000000e+03 2.990091932901409524e-02 2.995140000006010772e-02
4.200000000000000000e+03 2.990006651560178988e-02 2.995217501955716941e-02
4.210000000000000000e+03 2.989907954613530566e-02 2.995237639128934398e-02
4.220000000000000000e+03 2.990050286689563755e-02 2.995089334764367353e-02
4.230000000000000000e+03 2.989925673120163649e-02 2.995188560620384854e-02
4.240000000000000000e+03 2.989866137609871119e-02 2.995202394940437579e-02
4.250000000000000000e+03 2.989960471040323253e-02 2.995112044872723367e-02
4.260000000000000000e+03 2.989875795740500053e-02 2.995088293480987346e-02
4.270000000000000000e+03 2.989929981542023552e-02 2.995131190338783111e-02
4.280000000000000000e+03 2.989945661540442667e-02 2.995196549377937209e-02
4.290000000000000000e+03 2.989983847789648083e-02 2.995269412338417286e-02
4.300000000000000000e+03 2.990010822241658678e-02 2.995177960368974879e-02
4.310000000000000000e+03 2.989929171639938224e-02 2.995179089813581122e-02
4.320000000000000000e+03 2.989888109440430597e-02 2.995185954635275899e-02
4.330000000000000000e+03 2.989801312992128660e-02 2.995241154176728551e-02
4.340000000000000000e+03 2.989739882219854053e-02 2.995142661081477697e-02
4.350000000000000000e+03 2.989933904299135747e-02 2.995242801514442013e-02
4.360000000000000000e+03 2.989670468193778713e-02 2.995301560188877443e-02
4.370000000000000000e+03 2.989758686092058859e-02 2.995202345356260190e-02
4.380000000000000000e+03 2.989848094038873028e-02 2.995067445577135473e-02
4.390000000000000000e+03 2.989771319346699874e-02 2.995118760935136862e-02
4.400000000000000000e+03 2.989620139031976681e-02 2.994947498544860837e-02
4.410000000000000000e+03 2.989661972566902762e-02 2.995076045888097824e-02
4.420000000000000000e+03 2.989804023660869170e-02 2.995152644278637616e-02
4.430000000000000000e+03 2.989787357464099293e-02 2.995035182022892303e-02
4.440000000000000000e+03 2.989798034843245411e-02 2.994989205359955414e-02
4.450000000000000000e+03 2.989647703003403545e-02 2.995155960983650681e-02
4.460000000000000000e+03 2.989682792913201867e-02 2.995182759129924599e-02
4.470000000000000000e+03 2.989581197982361591e-02 2.995163095769420511e-02
4.480000000000000000e+03 2.989701547207866336e-02 2.995168324270867238e-02
4.490000000000000000e+03 2.989679696587305494e-02 2.995017992418035069e-02
4.500000000000000000e+03 2.989780426527016005e-02 2.995101152617423226e-02
4.510000000000000000e+03 2.989674633366683210e-02 2.995011799760506632e-02
4.520000000000000000e+03 2.989457559592865674e-02 2.994941647468828474e-02
4.530000000000000000e+03 2.989583892117970987e-02 2.995065004877147524e-02
4.540000000000000000e+03 2.989486655199166329e-02 2.995110033908512243e-02
4.550000000000000000e+03 2.989516665371153015e-02 2.994935609078516747e-02
4.560000000000000000e+03 2.989513844510232471e-02 2.995017639821558747e-02
4.570000000000000000e+03 2.989421119852583159e-02 2.994869638480222168e-02
4.580000000000000000e+03 2.989402453706849899e-02 2.994864454055803232e-02
4.590000000000000000e+03 2.989547827025996682e-02 2.995074877877238265e-02
4.600000000000000000e+03 2.989636111041450370e-02 2.995065572355664826e-02
4.610000000000000000e+03 2.989542301010243361e-02 2.995094094966320106e-02
4.620000000000000000e+03 2.989409671138986563e-02 2.995069247182211014e-02
4.630000000000000000e+03 2.989428750492873973e-02 2.994919471784181914e-02
4.640000000000000000e+03 2.989390960923701823e-02 2.994969437319071337e-02
4.650000000000000000e+03 2.989376322216051943e-02 2.994999855194679581e-02
4.660000000000000000e+03 2.989452253957469025e-02 2.994982180764189234e-02
4.670000000000000000e+03 2.989461267482277154e-02 2.995009160715857502e-02
4.680000000000000000e+03 2.989418756280704664e-02 2.995026295229698265e-02
4.690000000000000000e+03 2.989432414298050580e-02 2.994878574865540363e-02
4.700000000000000000e+03 2.989405026640675270e-02 2.994936540175834397e-02
4.710000000000000000e+03 2.989403654772012503e-02 2.995022686513561933e-02
4.720000000000000000e+03 2.989356906783164486e-02 2.994823121881481920e-02
4.730000000000000000e+03 2.989240706204825127e-02 2.994911080829344707e-02
4.740000000000000000e+03 2.989373203844400070e-02 2.994967139859622957e-02
4.750000000000000000e+03 2.989349887700606945e-02 2.995059038100974722e-02
4.760000000000000000e+03 2.989244794247041329e-02 2.994863319096993659e-02
4.770000000000000000e+03 2.989190487240864225e-02 2.994930105093254052e-02
4.780000000000000000e+03 2.989290721324970590e-02 2.994936755044552701e-02
4.790000000000000000e+03 2.989375501302089441e-02 2.994969349165674255e-02
4.800000000000000000e+03 2.989179236860121242e-02 2.994934022344006644e-02
4.810000000000000000e+03 2.989353821476317674e-02 2.994957558866241307e-02
4.820000000000000000e+03 2.989214613273545942e-02 2.994967773453064905e-02
4.830000000000000000e+03 2.989238248976045301e-02 2.994923019892690302e-02
4.840000000000000000e+03 2.989397770645536162e-02 2.994831231846332292e-02
4.850000000000000000e+03 2.989378338685913516e-02 2.994930325473827912e-02
4.860000000000000000e+03 2.989096699244239361e-02 2.994940093792795160e-02
4.870000000000000000e+03 2.989107960635493944e-02 2.994972720982389675e-02
4.880000000000000000e+03 2.989146962294386006e-02 2.994907400506164122e-02
4.890000000000000000e+03 2.989343325905124277e-02 2.995096987440434844e-02
4.900000000000000000e+03 2.989280341449864278e-02 2.994844509710011329e-02
4.910000000000000000e+03 2.989212943900226502e-02 2.994903879934724886e-02
4.920000000000000000e+03 2.989101575137673855e-02 2.994955878472537955e-02
4.930000000000000000e+03 2.989360405307650570e-02 2.994953729770361006e-02
4.940000000000000000e+03 2.989279454424528457e-02 2.994925350405825554e-02
4.950000000000000000e+03 2.989113012835121694e-02 2.994928848938019361e-02
4.960000000000000000e+03 2.989259548646306872e-02 2.994879120300745004e-02
4.970000000000000000e+03 2.989052419498261157e-02 2.994978830993763955e-02
4.980000000000000000e+03 2.989146725382673883e-02 2.994958820538740768e-02
4.990000000000000000e+03 2.989150400210915243e-02 2.994862294330567429e-02
5.000000000000000000e+03 2.989247488380419177e-02 2.994921631505873330e-02
5.010000000000000000e+03 2.989103624669875101e-02 2.994982731708496770e-02
5.020000000000000000e+03 2.988832133697778837e-02 2.994987602097284179e-02
5.030000000000000000e+03 2.989079900821992389e-02 2.994940876145236672e-02
5.040000000000000000e+03 2.989000960895676212e-02 2.994771789993563860e-02
5.050000000000000000e+03 2.989203214151165203e-02 2.994989040080324808e-02
5.060000000000000000e+03 2.988950438904413795e-02 2.994994086765028277e-02
5.070000000000000000e+03 2.989059267792506386e-02 2.994879186422269232e-02
5.080000000000000000e+03 2.989092804032321068e-02 2.994941091007665215e-02
5.090000000000000000e+03 2.989104175618181869e-02 2.994841617226604372e-02
5.100000000000000000e+03 2.989063157492897679e-02 2.994841496021394961e-02
5.110000000000000000e+03 2.988934092255831829e-02 2.994869996595246261e-02
5.120000000000000000e+03 2.989025880299887861e-02 2.994886552603343716e-02
5.130000000000000000e+03 2.988938125199921969e-02 2.994798753417872786e-02
5.140000000000000000e+03 2.988822459045180693e-02 2.994877643765439523e-02
5.150000000000000000e+03 2.988975716427921467e-02 2.994649584078000817e-02
5.160000000000000000e+03 2.988872815753448875e-02 2.994932876363493729e-02
5.170000000000000000e+03 2.989059873835051354e-02 2.994810874292189173e-02
5.180000000000000000e+03 2.988987435102635759e-02 2.994886062255389114e-02
5.190000000000000000e+03 2.989059741608732224e-02 2.994889285308417401e-02
5.200000000000000000e+03 2.988997715803457661e-02 2.995028548598506132e-02
5.210000000000000000e+03 2.988931508311733903e-02 2.994865308024597175e-02
5.220000000000000000e+03 2.988873686250647504e-02 2.994848884244828008e-02
5.230000000000000000e+03 2.988777606302044088e-02 2.994962126231595634e-02
5.240000000000000000e+03 2.988762906999953978e-02 2.994861737876949523e-02
5.250000000000000000e+03 2.988837318126339945e-02 2.994915714316729455e-02
5.260000000000000000e+03 2.988855857548105080e-02 2.994895847106525746e-02
5.270000000000000000e+03 2.988835340219515857e-02 2.994909185573955274e-02
5.280000000000000000e+03 2.988815566667615137e-02 2.994721444306408173e-02
5.290000000000000000e+03 2.988751370139305918e-02 2.994893241117302374e-02
5.300000000000000000e+03 2.988951358987719173e-02 2.994794345836643626e-02
5.310000000000000000e+03 2.988780763244522007e-02 2.994895323707853774e-02
5.320000000000000000e+03 2.988703090496827586e-02 2.994769867182382750e-02
5.330000000000000000e+03 2.988866309039673805e-02 2.994983233078690743e-02
5.340000000000000000e+03 2.988664904252046062e-02 2.994750875983878333e-02
5.350000000000000000e+03 2.988670121730603590e-02 2.994745421595503346e-02
5.360000000000000000e+03 2.988673802078479699e-02 2.994819017309194309e-02
5.370000000000000000e+03 2.988787754781694131e-02 2.994750484808919588e-02
5.380000000000000000e+03 2.988843681582155701e-02 2.994708309694112461e-02
5.390000000000000000e+03 2.988666314681290986e-02 2.994761134646816911e-02
5.400000000000000000e+03 2.988707723979040429e-02 2.994879836541760459e-02
5.410000000000000000e+03 2.988656617980586100e-02 2.994822262406909852e-02
5.420000000000000000e+03 2.988691173485216734e-02 2.994731146510862252e-02
5.430000000000000000e+03 2.988719150658819892e-02 2.994721416762106958e-02
5.440000000000000000e+03 2.988743265676779837e-02 2.994825838057077472e-02
5.450000000000000000e+03 2.988796410191501760e-02 2.994844008346731271e-02
5.460000000000000000e+03 2.988707916814209789e-02 2.995001458455066878e-02
5.470000000000000000e+03 2.988758785905628462e-02 2.994849479265936434e-02
5.480000000000000000e+03 2.988487911999020488e-02 2.994658625140337802e-02
5.490000000000000000e+03 2.988586388560813059e-02 2.994768412681642414e-02
5.500000000000000000e+03 2.988617076399699077e-02 2.994870453880914621e-02
5.510000000000000000e+03 2.988599038340387926e-02 2.994785111937899383e-02
5.520000000000000000e+03 2.988531475510470409e-02 2.994784329593392150e-02
5.530000000000000000e+03 2.988603985855772457e-02 2.994674508989788111e-02
5.540000000000000000e+03 2.988463527010755058e-02 2.994748253464733778e-02
5.550000000000000000e+03 2.988519811926448541e-02 2.994681847621303433e-02
5.560000000000000000e+03 2.988513040765862841e-02 2.994698227329926216e-02
5.570000000000000000e+03 2.988603275136368989e-02 2.994877798027882967e-02
5.580000000000000000e+03 2.988620685110458114e-02 2.994877704367594068e-02
5.590000000000000000e+03 2.988409655248171898e-02 2.994691318435116489e-02
5.600000000000000000e+03 2.988461934765179046e-02 2.994910039543578414e-02
5.610000000000000000e+03 2.988427450894596063e-02 2.994726860135121099e-02
5.620000000000000000e+03 2.988399258848306941e-02 2.994755840036231187e-02
5.630000000000000000e+03 2.988491371955850559e-02 2.994732022522610462e-02
5.640000000000000000e+03 2.988537932627201993e-02 2.994765360431564036e-02
5.650000000000000000e+03 2.988527260752060072e-02 2.994667357681561615e-02
5.660000000000000000e+03 2.988415732215696577e-02 2.994711703539038039e-02
5.670000000000000000e+03 2.988394024838481391e-02 2.994594924459995089e-02
5.680000000000000000e+03 2.988341376183468318e-02 2.994704315310345311e-02
5.690000000000000000e+03 2.988387501602458862e-02 2.994766049107643741e-02
5.700000000000000000e+03 2.988306462567647329e-02 2.994578732076182137e-02
5.710000000000000000e+03 2.988328197488698476e-02 2.994719124812003294e-02
5.720000000000000000e+03 2.988373325696883423e-02 2.994547873440557562e-02
5.730000000000000000e+03 2.988269785908253054e-02 2.994592505786090181e-02
5.740000000000000000e+03 2.988296622625040769e-02 2.994618681365575699e-02
5.750000000000000000e+03 2.988299140456019201e-02 2.994545427230210430e-02
5.760000000000000000e+03 2.988201490320570308e-02 2.994769316238859308e-02
5.770000000000000000e+03 2.988320318923343155e-02 2.994642432761197154e-02
5.780000000000000000e+03 2.988327459217977530e-02 2.994669963656901648e-02
5.790000000000000000e+03 2.988086314499067975e-02 2.994561834484331386e-02
5.800000000000000000e+03 2.988331910881979539e-02 2.994625072372037247e-02
5.810000000000000000e+03 2.988173298277177828e-02 2.994617331543797736e-02
5.820000000000000000e+03 2.988107696816021466e-02 2.994583751221314288e-02
5.830000000000000000e+03 2.988287559515630937e-02 2.994693516721091617e-02
5.840000000000000000e+03 2.988207754611084746e-02 2.994628229301658090e-02
5.850000000000000000e+03 2.988166516103543321e-02 2.994555526119568531e-02
5.860000000000000000e+03 2.988160554833370341e-02 2.994590009995207538e-02
5.870000000000000000e+03 2.988236492087367399e-02 2.994602334717641132e-02
5.880000000000000000e+03 2.988143299125132352e-02 2.994510348326808943e-02
5.890000000000000000e+03 2.988236172540675861e-02 2.994499235688799152e-02
5.900000000000000000e+03 2.988152323665229163e-02 2.994497698545704745e-02
5.910000000000000000e+03 2.987956362244456598e-02 2.994474922326628707e-02
5.920000000000000000e+03 2.988038828233568686e-02 2.994376566972843656e-02
5.930000000000000000e+03 2.988048888561594882e-02 2.994618659318893164e-02
5.940000000000000000e+03 2.987939393021060708e-02 2.994465969411241532e-02
5.950000000000000000e+03 2.987973292889492191e-02 2.994553509643917491e-02
5.960000000000000000e+03 2.988057345621660671e-02 2.994525802435147113e-02
5.970000000000000000e+03 2.988101168078405312e-02 2.994473197855834420e-02
5.980000000000000000e+03 2.987949640666063764e-02 2.994433094304953594e-02
5.990000000000000000e+03 2.987864276683928344e-02 2.994575900202959759e-02
6.000000000000000000e+03 2.987936313223928803e-02 2.994458465498739397e-02
6.010000000000000000e+03 2.987930748648322948e-02 2.994459716148829137e-02
6.020000000000000000e+03 2.987960659639815261e-02 2.994556264393306161e-02
6.030000000000000000e+03 2.987907597778077101e-02 2.994518573995632107e-02
6.040000000000000000e+03 2.987848381818573179e-02 2.994485109374319873e-02
6.050000000000000000e+03 2.987776510559263590e-02 2.994400847284817493e-02
6.060000000000000000e+03 2.987869069934600066e-02 2.994378170233121667e-02
6.070000000000000000e+03 2.988023054578668042e-02 2.994482575004699457e-02
6.080000000000000000e+03 2.987962334521085395e-02 2.994477285897841068e-02
6.090000000000000000e+03 2.987828095891518349e-02 2.994465049321480207e-02
6.100000000000000000e+03 2.987769414342839047e-02 2.994215585286397890e-02
6.110000000000000000e+03 2.987845120203790408e-02 2.994269187078237374e-02
6.120000000000000000e+03 2.987845290989584249e-02 2.994286167314544680e-02
6.130000000000000000e+03 2.987718936424179142e-02 2.994285710029612885e-02
6.140000000000000000e+03 2.987787805012678821e-02 2.994323020269085492e-02
6.150000000000000000e+03 2.987867571356057211e-02 2.994338920649719515e-02
6.160000000000000000e+03 2.987582703351867805e-02 2.994373498193342656e-02
6.170000000000000000e+03 2.987623016266970077e-02 2.994324425193603881e-02
6.180000000000000000e+03 2.987793248383349698e-02 2.994296712471820540e-02
6.190000000000000000e+03 2.987626669060064813e-02 2.994285820224816888e-02
6.200000000000000000e+03 2.987729073886063319e-02 2.994157261853743618e-02
6.210000000000000000e+03 2.987716479196310046e-02 2.994318937746110604e-02
6.220000000000000000e+03 2.987578306780935486e-02 2.994146198815804752e-02
6.230000000000000000e+03 2.987456442451830868e-02 2.994188776122028856e-02
6.240000000000000000e+03 2.987407116018643560e-02 2.994234422212809985e-02
6.250000000000000000e+03 2.987700782671364602e-02 2.994097048680988485e-02
6.260000000000000000e+03 2.987463197081858396e-02 2.994124513467047791e-02
6.270000000000000000e+03 2.987564334725496470e-02 2.994041204521574739e-02
6.280000000000000000e+03 2.987556753665319281e-02 2.994078261335536215e-02
6.290000000000000000e+03 2.987415033151829755e-02 2.994123384025002693e-02
6.300000000000000000e+03 2.987317779696251410e-02 2.994049981135305655e-02
6.310000000000000000e+03 2.987424928188704698e-02 2.994013332031388031e-02
6.320000000000000000e+03 2.987129178941703642e-02 2.994057132454147618e-02
6.330000000000000000e+03 2.987348065339036698e-02 2.994251854235151222e-02
6.340000000000000000e+03 2.987563646047691063e-02 2.994117731297118654e-02
6.350000000000000000e+03 2.987439847873988794e-02 2.993992473112231864e-02
6.360000000000000000e+03 2.987258244183723863e-02 2.994105643479246306e-02
6.370000000000000000e+03 2.987215319770371649e-02 2.993925169226165431e-02
6.380000000000000000e+03 2.987171172257592142e-02 2.994057060826321726e-02
6.390000000000000000e+03 2.987105328385185332e-02 2.993921990252387116e-02
6.400000000000000000e+03 2.987245770702768796e-02 2.994071512209136102e-02
6.410000000000000000e+03 2.987266651661687686e-02 2.993943119138954209e-02
6.420000000000000000e+03 2.987327746359656408e-02 2.993929301339689694e-02
6.430000000000000000e+03 2.987183893653469133e-02 2.993870884259775683e-02
6.440000000000000000e+03 2.987225925535313617e-02 2.993889082094520690e-02
6.450000000000000000e+03 2.987179370365351458e-02 2.993990577852881016e-02
6.460000000000000000e+03 2.987050696320679710e-02 2.993891958036816112e-02
6.470000000000000000e+03 2.987145575182965571e-02 2.993934116635952464e-02
6.480000000000000000e+03 2.987088397722893751e-02 2.993777900652351207e-02
6.490000000000000000e+03 2.987102154915623198e-02 2.993769757627992578e-02
6.500000000000000000e+03 2.986842140209837113e-02 2.993768523502803036e-02
6.510000000000000000e+03 2.987044746071267076e-02 2.993683682923021366e-02
6.520000000000000000e+03 2.987075246583207819e-02 2.993839089000618903e-02
6.530000000000000000e+03 2.987054707222238509e-02 2.993870393909682862e-02
6.540000000000000000e+03 2.987003331258139549e-02 2.993737890755595807e-02
6.550000000000000000e+03 2.986937922624397987e-02 2.993873738173738128e-02
6.560000000000000000e+03 2.986976593717872303e-02 2.993767801758471375e-02
6.570000000000000000e+03 2.986833132195919338e-02 2.993666779816312254e-02
6.580000000000000000e+03 2.986911234679035312e-02 2.993629320813637890e-02
6.590000000000000000e+03 2.986731261789837832e-02 2.993637160817151990e-02
6.600000000000000000e+03 2.986677285345462618e-02 2.993619431288385008e-02
6.610000000000000000e+03 2.986794945946199056e-02 2.993624946280862287e-02
6.620000000000000000e+03 2.986733774118181112e-02 2.993630940599418394e-02
6.630000000000000000e+03 2.986810019907409908e-02 2.993459678214129352e-02
6.640000000000000000e+03 2.986735101899587116e-02 2.993623993138644704e-02
6.650000000000000000e+03 2.986739470923140821e-02 2.993637221413010183e-02
6.660000000000000000e+03 2.986811358710258352e-02 2.993589288885296559e-02
6.670000000000000000e+03 2.986627264723434524e-02 2.993621111680056304e-02
6.680000000000000000e+03 2.986617579047969040e-02 2.993485776646206270e-02
6.690000000000000000e+03 2.986571789704049046e-02 2.993507632779449437e-02
6.700000000000000000e+03 2.986427832328417478e-02 2.993382187285320573e-02
6.710000000000000000e+03 2.986585199793936191e-02 2.993436913016921455e-02
6.720000000000000000e+03 2.986719482511414683e-02 2.993551824372477424e-02
6.730000000000000000e+03 2.986545316622163382e-02 2.993486195370169412e-02
6.740000000000000000e+03 2.986574709736129069e-02 2.993494702013144507e-02
6.750000000000000000e+03 2.986321581877434891e-02 2.993232411885109190e-02
6.760000000000000000e+03 2.986501714551356018e-02 2.993421365235314838e-02
6.770000000000000000e+03 2.986472618947130786e-02 2.993287787738635811e-02
6.780000000000000000e+03 2.986379321306786155e-02 2.993293451495435478e-02
6.790000000000000000e+03 2.986348798747530398e-02 2.993360160358386410e-02
6.800000000000000000e+03 2.986400885434594907e-02 2.993371945149498822e-02
6.810000000000000000e+03 2.986172098486962467e-02 2.993236742346284604e-02
6.820000000000000000e+03 2.986180120302753954e-02 2.993231205310651136e-02
6.830000000000000000e+03 2.986341741095162317e-02 2.993339879931059683e-02
6.840000000000000000e+03 2.986177767749157233e-02 2.993267722187053712e-02
6.850000000000000000e+03 2.986183987963279829e-02 2.993315979781261543e-02
6.860000000000000000e+03 2.986125978579898602e-02 2.993264813181205006e-02
6.870000000000000000e+03 2.986272558471198338e-02 2.993099567150374687e-02
6.880000000000000000e+03 2.986187772976329688e-02 2.993105792868269374e-02
6.890000000000000000e+03 2.986081698835768919e-02 2.993023123017309398e-02
6.900000000000000000e+03 2.985927152230787029e-02 2.992983840380432012e-02
6.910000000000000000e+03 2.986097130910689637e-02 2.993303313468285293e-02
6.920000000000000000e+03 2.986180599634640290e-02 2.993058460872059443e-02
6.930000000000000000e+03 2.986124160439567951e-02 2.992884934081548737e-02
6.940000000000000000e+03 2.985956297419170916e-02 2.993120442585032320e-02
6.950000000000000000e+03 2.985875423658785124e-02 2.992993867647284617e-02
6.960000000000000000e+03 2.985954991666431649e-02 2.993073397083801865e-02
6.970000000000000000e+03 2.986023325826880556e-02 2.993065061237113259e-02
6.980000000000000000e+03 2.985998279700758859e-02 2.993039221744410103e-02
6.990000000000000000e+03 2.985771492705341021e-02 2.992835541532485114e-02
7.000000000000000000e+03 2.985596390208260925e-02 2.992924519736008329e-02
7.010000000000000000e+03 2.985756644643618174e-02 2.992902459753872535e-02
7.020000000000000000e+03 2.985617805581934625e-02 2.992772397302713785e-02
7.030000000000000000e+03 2.985786847645104797e-02 2.992929500314491301e-02
7.040000000000000000e+03 2.985778743193145610e-02 2.992659579548729090e-02
7.050000000000000000e+03 2.985704012515325023e-02 2.992769592975296281e-02
7.060000000000000000e+03 2.985544413708885597e-02 2.992707214565887286e-02
7.070000000000000000e+03 2.985550215204186425e-02 2.992630748407543520e-02
7.080000000000000000e+03 2.985498651917115748e-02 2.992664912733577001e-02
7.090000000000000000e+03 2.985590484035923267e-02 2.992705115455667267e-02
7.100000000000000000e+03 2.985550441088382148e-02 2.992702344189122204e-02
7.110000000000000000e+03 2.985604224697225098e-02 2.992625464802480331e-02
7.120000000000000000e+03 2.985532507709582825e-02 2.992483678168492839e-02
7.130000000000000000e+03 2.985371360740770794e-02 2.992676879336779450e-02
7.140000000000000000e+03 2.985477638733749495e-02 2.992608390915837968e-02
7.150000000000000000e+03 2.985470652708745523e-02 2.992501027545348483e-02
7.160000000000000000e+03 2.985497781420038549e-02 2.992578871079803332e-02
7.170000000000000000e+03 2.985224235408984531e-02 2.992719307895361572e-02
7.180000000000000000e+03 2.985355366700515392e-02 2.992569339670274331e-02
7.190000000000000000e+03 2.985241369910023729e-02 2.992464235188931065e-02
7.200000000000000000e+03 2.985311731562118390e-02 2.992468984363392051e-02
7.210000000000000000e+03 2.985163614526470388e-02 2.992335941289728587e-02
7.220000000000000000e+03 2.985331642848057174e-02 2.992309859377817113e-02
7.230000000000000000e+03 2.985181575452880431e-02 2.992398821056805464e-02
7.240000000000000000e+03 2.985043314886473911e-02 2.992331120482757609e-02
7.250000000000000000e+03 2.985034505222668513e-02 2.992308134908960859e-02
7.260000000000000000e+03 2.985030725715587946e-02 2.992114410343329686e-02
7.270000000000000000e+03 2.985056752530120677e-02 2.992238825562673621e-02
7.280000000000000000e+03 2.984852989679341595e-02 2.992292162905244371e-02
7.290000000000000000e+03 2.984971305901964675e-02 2.992244919058015956e-02
7.300000000000000000e+03 2.985123841542380516e-02 2.992267001084899722e-02
7.310000000000000000e+03 2.984869182060449766e-02 2.992145594028844738e-02
7.320000000000000000e+03 2.984766848850349194e-02 2.992102168258207323e-02
7.330000000000000000e+03 2.984811056973401405e-02 2.992177257048915170e-02
7.340000000000000000e+03 2.984903076420939924e-02 2.992150414832435434e-02
7.350000000000000000e+03 2.984868399709002251e-02 2.992305495865520831e-02
7.360000000000000000e+03 2.984860129973588433e-02 2.992111594988583131e-02
7.370000000000000000e+03 2.984673358376251778e-02 2.992075849444240931e-02
7.380000000000000000e+03 2.984672829468647606e-02 2.991939500665776602e-02
7.390000000000000000e+03 2.984689154076464873e-02 2.992048770318084597e-02
7.400000000000000000e+03 2.984594247655652718e-02 2.992069111333878553e-02
7.410000000000000000e+03 2.984605773503030968e-02 2.991994683687243528e-02
7.420000000000000000e+03 2.984793393556254767e-02 2.992084400165893193e-02
7.430000000000000000e+03 2.984674598013275712e-02 2.991971235304368565e-02
7.440000000000000000e+03 2.984520288310633582e-02 2.991957626877656332e-02
7.450000000000000000e+03 2.984510839543967273e-02 2.991817157015497913e-02
7.460000000000000000e+03 2.984570782761862898e-02 2.991861563477023894e-02
7.470000000000000000e+03 2.984390628056792991e-02 2.991755208337609426e-02
7.480000000000000000e+03 2.984394396545806197e-02 2.991953483743806444e-02
7.490000000000000000e+03 2.984466108017968730e-02 2.991768524772381310e-02
7.500000000000000000e+03 2.984403613915765155e-02 2.991629724281766323e-02
7.510000000000000000e+03 2.984452229628228176e-02 2.991798033586027042e-02
7.520000000000000000e+03 2.984224742927062482e-02 2.991760073217909419e-02
7.530000000000000000e+03 2.984210230937633587e-02 2.991771510910057330e-02
7.540000000000000000e+03 2.984378077450357963e-02 2.991705964549032717e-02
7.550000000000000000e+03 2.984300305533826164e-02 2.991600617652892188e-02
7.560000000000000000e+03 2.984191316872940661e-02 2.991592199161196078e-02
7.570000000000000000e+03 2.984241679091459779e-02 2.991557549997886020e-02
7.580000000000000000e+03 2.984126927498197135e-02 2.991483293141237315e-02
7.590000000000000000e+03 2.984108795781186679e-02 2.991592755619115057e-02
7.600000000000000000e+03 2.984002209254552063e-02 2.991669177708143959e-02
7.610000000000000000e+03 2.984159604262863821e-02 2.991542812117903641e-02
7.620000000000000000e+03 2.984058406017603762e-02 2.991511826770376983e-02
7.630000000000000000e+03 2.984168254161164227e-02 2.991412931485155913e-02
7.640000000000000000e+03 2.984088702684905073e-02 2.991410645049017228e-02
7.650000000000000000e+03 2.983937897019620436e-02 2.991380183095991921e-02
7.660000000000000000e+03 2.983828875302622224e-02 2.991403234788278173e-02
7.670000000000000000e+03 2.983951516471280291e-02 2.991468456092029674e-02
7.680000000000000000e+03 2.983980826940571887e-02 2.991370084212594677e-02
7.690000000000000000e+03 2.983885380598010062e-02 2.991432165104541269e-02
7.700000000000000000e+03 2.983813983154596020e-02 2.991476516470732358e-02
7.710000000000000000e+03 2.983694366696033884e-02 2.991303909768057781e-02
7.720000000000000000e+03 2.983842902450948437e-02 2.991256544712098467e-02
7.730000000000000000e+03 2.983796540127454933e-02 2.991264285538181716e-02
7.740000000000000000e+03 2.983774160589766980e-02 2.991195025781218791e-02
7.750000000000000000e+03 2.983709925487009265e-02 2.991234738157904499e-02
7.760000000000000000e+03 2.983758822184450279e-02 2.991376877409177362e-02
7.770000000000000000e+03 2.983661464043468534e-02 2.991403041956181702e-02
7.780000000000000000e+03 2.983724558682095129e-02 2.991112124537810210e-02
7.790000000000000000e+03 2.983632070929997590e-02 2.991149192368025220e-02
7.800000000000000000e+03 2.983699556628859398e-02 2.991156057187513082e-02
7.810000000000000000e+03 2.983592375082065248e-02 2.991335126515736603e-02
7.820000000000000000e+03 2.983542943970868278e-02 2.991000061580843805e-02
7.830000000000000000e+03 2.983463601854263042e-02 2.991125556665668109e-02
7.840000000000000000e+03 2.983443866872534031e-02 2.990950062996657055e-02
7.850000000000000000e+03 2.983401504430287232e-02 2.990928493349755829e-02
7.860000000000000000e+03 2.983341219625762139e-02 2.991073943795894557e-02
7.870000000000000000e+03 2.983558915975551354e-02 2.990897425354420089e-02
7.880000000000000000e+03 2.983361500052219770e-02 2.990979257762580584e-02
7.890000000000000000e+03 2.983353621484862578e-02 2.991094047912392154e-02
7.900000000000000000e+03 2.983312735582045738e-02 2.990949253092029664e-02
7.910000000000000000e+03 2.983281017473120300e-02 2.990845740862096633e-02
7.920000000000000000e+03 2.983530404384785589e-02 2.990885640564852621e-02
7.930000000000000000e+03 2.983198044600198634e-02 2.990771610720053403e-02
7.940000000000000000e+03 2.983314443527537371e-02 2.990770007464593760e-02
7.950000000000000000e+03 2.983086124895919372e-02 2.990793692743812932e-02
7.960000000000000000e+03 2.983324454266676057e-02 2.990757644171874313e-02
7.970000000000000000e+03 2.982944674336852203e-02 2.990849377121645308e-02
7.980000000000000000e+03 2.983108410762510751e-02 2.990700031468001771e-02
7.990000000000000000e+03 2.983104807560019861e-02 2.990740173586080297e-02
8.000000000000000000e+03 2.983153913616546499e-02 2.990742338816104393e-02
8.010000000000000000e+03 2.983094510328539173e-02 2.990709502275804010e-02
8.020000000000000000e+03 2.983038710250723868e-02 2.990602849634696817e-02
8.030000000000000000e+03 2.982911854327454856e-02 2.990644495848928525e-02
8.040000000000000000e+03 2.982823862320813438e-02 2.990458462526166677e-02
8.050000000000000000e+03 2.982829371807765168e-02 2.990528526660886713e-02
8.060000000000000000e+03 2.982984535465113898e-02 2.990617736271316413e-02
8.070000000000000000e+03 2.982983731087403972e-02 2.990614772167287522e-02
8.080000000000000000e+03 2.982979681614507383e-02 2.990626804882683815e-02
8.090000000000000000e+03 2.982897347848711619e-02 2.990403610067108101e-02
8.100000000000000000e+03 2.982765996182262097e-02 2.990562652419166342e-02
8.110000000000000000e+03 2.982724922960808614e-02 2.990468247372361082e-02
8.120000000000000000e+03 2.982667756523149291e-02 2.990579985265500243e-02
8.130000000000000000e+03 2.982706675530777743e-02 2.990434567880926112e-02
8.140000000000000000e+03 2.982769869344680316e-02 2.990509755840872058e-02
8.150000000000000000e+03 2.982810821361129433e-02 2.990397174994599908e-02
8.160000000000000000e+03 2.982693116691543037e-02 2.990437801946357194e-02
8.170000000000000000e+03 2.982613466045080930e-02 2.990380277397856196e-02
8.180000000000000000e+03 2.982614099634183294e-02 2.990301315431965687e-02
8.190000000000000000e+03 2.982792645565401912e-02 2.990366696512257449e-02
8.200000000000000000e+03 2.982579489044266674e-02 2.990365897638870563e-02
8.210000000000000000e+03 2.982520515497376692e-02 2.990405902021316467e-02
8.220000000000000000e+03 2.982301012041794347e-02 2.990217615314878091e-02
8.230000000000000000e+03 2.982422584373469951e-02 2.990224403006389378e-02
8.240000000000000000e+03 2.982347115429468537e-02 2.990052121352413175e-02
8.250000000000000000e+03 2.982374916298992720e-02 2.990090280056187724e-02
8.260000000000000000e+03 2.982317072202468264e-02 2.990270759820225221e-02
8.270000000000000000e+03 2.982301590544093189e-02 2.990240264809732387e-02
8.280000000000000000e+03 2.982406276292837166e-02 2.990261311057255261e-02
8.290000000000000000e+03 2.982432297605818947e-02 2.990303838785478979e-02
8.300000000000000000e+03 2.982406314857165286e-02 2.990191902534382329e-02
8.310000000000000000e+03 2.982318174096220201e-02 2.990141832325684396e-02
8.320000000000000000e+03 2.982244176181952228e-02 2.990244898289481923e-02
8.330000000000000000e+03 2.982398629125097150e-02 2.990109601828486868e-02
8.340000000000000000e+03 2.982174293852016267e-02 2.990139193286013922e-02
8.350000000000000000e+03 2.982212188100968192e-02 2.990126703271730330e-02
8.360000000000000000e+03 2.982085166886383476e-02 2.990079172938521837e-02
8.370000000000000000e+03 2.982176012810038718e-02 2.989950041587090268e-02
8.380000000000000000e+03 2.982294962630342022e-02 2.990065421255976713e-02
8.390000000000000000e+03 2.982017719761060476e-02 2.990006590955034821e-02
8.400000000000000000e+03 2.982217692082166777e-02 2.989902191697958733e-02
8.410000000000000000e+03 2.981926692028043224e-02 2.990129496579325974e-02
8.420000000000000000e+03 2.982094400797205905e-02 2.989891106609598656e-02
8.430000000000000000e+03 2.981901144535617845e-02 2.989806910640947432e-02
8.440000000000000000e+03 2.982013714363294238e-02 2.989947441111011350e-02
8.450000000000000000e+03 2.982013273605096243e-02 2.989822827553503468e-02
8.460000000000000000e+03 2.982047201017130542e-02 2.989939055673474649e-02
8.470000000000000000e+03 2.981893921599519659e-02 2.989854242632681777e-02
8.480000000000000000e+03 2.981897050980251290e-02 2.989916940593832784e-02
8.490000000000000000e+03 2.982005191188713891e-02 2.989811615740758585e-02
8.500000000000000000e+03 2.981942509761801099e-02 2.989842165842353586e-02
8.510000000000000000e+03 2.981892538717214464e-02 2.989836435977891518e-02
8.520000000000000000e+03 2.981792910667354149e-02 2.989712356828239104e-02
8.530000000000000000e+03 2.981778988192502339e-02 2.989770074220091459e-02
8.540000000000000000e+03 2.981870324465266467e-02 2.989850848795684926e-02
8.550000000000000000e+03 2.981867944373906357e-02 2.989862176296939969e-02
8.560000000000000000e+03 2.981686786941201497e-02 2.989621802911920576e-02
8.570000000000000000e+03 2.981824292699281412e-02 2.989760851326579358e-02
8.580000000000000000e+03 2.981766112525977702e-02 2.989704109122693146e-02
8.590000000000000000e+03 2.981550950552334239e-02 2.989635697834212152e-02
8.600000000000000000e+03 2.981807240847674997e-02 2.989533678669411068e-02
8.610000000000000000e+03 2.981616166341173949e-02 2.989585379691826750e-02
8.620000000000000000e+03 2.981488335238683535e-02 2.989570101883895839e-02
8.630000000000000000e+03 2.981596095284138812e-02 2.989651537614289312e-02
8.640000000000000000e+03 2.981724840967513168e-02 2.989592756894434572e-02
8.650000000000000000e+03 2.981571908633168927e-02 2.989594641140587081e-02
8.660000000000000000e+03 2.981479652282702925e-02 2.989465702618511120e-02
8.670000000000000000e+03 2.981609791867282852e-02 2.989499360077841478e-02
8.680000000000000000e+03 2.981625631643556110e-02 2.989533579501988184e-02
8.690000000000000000e+03 2.981533276117696168e-02 2.989471421468330864e-02
8.700000000000000000e+03 2.981413510897075458e-02 2.989436094648529121e-02
8.710000000000000000e+03 2.981376905871616773e-02 2.989421940768963865e-02
8.720000000000000000e+03 2.981410557812168988e-02 2.989418475297642847e-02
8.730000000000000000e+03 2.981418315167970803e-02 2.989433731072419637e-02
8.740000000000000000e+03 2.981309425682615588e-02 2.989385870164302378e-02
8.750000000000000000e+03 2.981426584911652661e-02 2.989415825244493702e-02
8.760000000000000000e+03 2.981298059607537590e-02 2.989334791716620476e-02
8.770000000000000000e+03 2.981348702808736192e-02 2.989214877741345339e-02
8.780000000000000000e+03 2.981342603807544955e-02 2.989322549633060405e-02
8.790000000000000000e+03 2.981315023324392077e-02 2.989141430769123170e-02
8.800000000000000000e+03 2.981112015272013166e-02 2.989260187755002698e-02
8.810000000000000000e+03 2.981083376961112322e-02 2.989260501794307676e-02
8.820000000000000000e+03 2.981133011923658635e-02 2.989302660384276361e-02
8.830000000000000000e+03 2.981205070495338699e-02 2.989408381927178074e-02
8.840000000000000000e+03 2.981296230465666636e-02 2.989324714862873905e-02
8.850000000000000000e+03 2.981173886805781742e-02 2.989229670703566141e-02
8.860000000000000000e+03 2.981140664601928530e-02 2.989150378177519649e-02
8.870000000000000000e+03 2.981182861762887715e-02 2.989244711609669036e-02
8.880000000000000000e+03 2.981159402362230232e-02 2.989172570388299796e-02
8.890000000000000000e+03 2.981080842597553029e-02 2.989240155262463949e-02
8.900000000000000000e+03 2.981135568325552626e-02 2.989218062217367800e-02
8.910000000000000000e+03 2.981079162202592003e-02 2.989177528929563149e-02
8.920000000000000000e+03 2.981112356856967585e-02 2.989170245390145725e-02
8.930000000000000000e+03 2.981014392678688757e-02 2.989039962557701532e-02
8.940000000000000000e+03 2.981087608245821738e-02 2.989108318758504357e-02
8.950000000000000000e+03 2.981063735636243009e-02 2.989163347510976482e-02
8.960000000000000000e+03 2.980979027286160751e-02 2.989123271502612186e-02
8.970000000000000000e+03 2.981025009458497521e-02 2.989049808008379869e-02
8.980000000000000000e+03 2.980997770558398499e-02 2.989018965905007597e-02
8.990000000000000000e+03 2.980911453436081021e-02 2.989133530173227263e-02
9.000000000000000000e+03 2.980797241783567086e-02 2.989085614169342472e-02
9.010000000000000000e+03 2.980749292716038806e-02 2.988960730625958226e-02
9.020000000000000000e+03 2.980899211349453265e-02 2.989055295461105419e-02
9.030000000000000000e+03 2.980824128075009946e-02 2.989106506137027136e-02
9.040000000000000000e+03 2.980675046875849374e-02 2.988947507865892181e-02
9.050000000000000000e+03 2.980725623968076207e-02 2.989178123951668348e-02
9.060000000000000000e+03 2.980813279893962733e-02 2.988831764565955118e-02
9.070000000000000000e+03 2.980669030520816457e-02 2.988964570746389590e-02
9.080000000000000000e+03 2.980817610353550182e-02 2.988959882164566456e-02
9.090000000000000000e+03 2.980677845696574554e-02 2.988943700808540521e-02
9.100000000000000000e+03 2.980618651770748639e-02 2.988920836442213527e-02
9.110000000000000000e+03 2.980809098196037649e-02 2.988763479998879022e-02
9.120000000000000000e+03 2.980585357946724176e-02 2.988837488923322405e-02
9.130000000000000000e+03 2.980712065115857096e-02 2.988872749644332777e-02
9.140000000000000000e+03 2.980603941441580668e-02 2.988931354047910313e-02
9.150000000000000000e+03 2.980635229820541646e-02 2.988720643733622229e-02
9.160000000000000000e+03 2.980606988193232679e-02 2.988874341880151317e-02
9.170000000000000000e+03 2.980544653861692470e-02 2.988770735985140162e-02
9.180000000000000000e+03 2.980523177884152400e-02 2.988671421986048571e-02
9.190000000000000000e+03 2.980409555740681782e-02 2.988787473814658729e-02
9.200000000000000000e+03 2.980558510215077644e-02 2.988719519802124358e-02
9.210000000000000000e+03 2.980423208247127281e-02 2.988789093597862476e-02
9.220000000000000000e+03 2.980454425003280228e-02 2.988745463978674521e-02
9.230000000000000000e+03 2.980334230042757174e-02 2.988717822880559288e-02
9.240000000000000000e+03 2.980442210471737421e-02 2.988628167006618375e-02
9.250000000000000000e+03 2.980458562622837967e-02 2.988665086076630617e-02
9.260000000000000000e+03 2.980367182283166771e-02 2.988620762250965290e-02
9.270000000000000000e+03 2.980391291794902420e-02 2.988718043257193938e-02
9.280000000000000000e+03 2.980423169679433451e-02 2.988616685235408188e-02
9.290000000000000000e+03 2.980228960279471609e-02 2.988695024623125654e-02
9.300000000000000000e+03 2.980313001996564432e-02 2.988581264742872987e-02
9.310000000000000000e+03 2.980316208512363146e-02 2.988589225951125000e-02
9.320000000000000000e+03 2.980309079241258430e-02 2.988586939513077079e-02
9.330000000000000000e+03 2.980229164132923089e-02 2.988618156268156231e-02
9.340000000000000000e+03 2.980272055485512148e-02 2.988578581623933458e-02
9.350000000000000000e+03 2.980218293919275480e-02 2.988685476680331965e-02
9.360000000000000000e+03 2.980271879179356015e-02 2.988552152614742941e-02
9.370000000000000000e+03 2.980240155557298265e-02 2.988372802298694397e-02
9.380000000000000000e+03 2.980184889902460360e-02 2.988452541097475629e-02
9.390000000000000000e+03 2.980052640188646240e-02 2.988511184072871821e-02
9.400000000000000000e+03 2.980146505309802518e-02 2.988539866460539207e-02
9.410000000000000000e+03 2.980105994050810669e-02 2.988447450336460809e-02
9.420000000000000000e+03 2.980084198528623607e-02 2.988446491686698459e-02
9.430000000000000000e+03 2.980018712771244707e-02 2.988411649688448718e-02
9.440000000000000000e+03 2.980039709419221583e-02 2.988355728401004621e-02
9.450000000000000000e+03 2.980080171091464836e-02 2.988536841754614592e-02
9.460000000000000000e+03 2.980113051709586125e-02 2.988416365818075474e-02
9.470000000000000000e+03 2.979934726155291508e-02 2.988405914313622264e-02
9.480000000000000000e+03 2.979993374639632042e-02 2.988253913088804309e-02
9.490000000000000000e+03 2.979875763633791155e-02 2.988236800626508857e-02
9.500000000000000000e+03 2.980009341133280434e-02 2.988433786807550077e-02
9.510000000000000000e+03 2.980026012832970653e-02 2.988360945891952933e-02
9.520000000000000000e+03 2.980041753442968372e-02 2.988358835749313838e-02
9.530000000000000000e+03 2.980054700734014600e-02 2.988259328909462220e-02
9.540000000000000000e+03 2.979911839747378943e-02 2.988226497884897970e-02
9.550000000000000000e+03 2.979822514451934898e-02 2.988251472387943100e-02
9.560000000000000000e+03 2.979747172219594092e-02 2.988152786463837973e-02
9.570000000000000000e+03 2.979692148977405169e-02 2.988101652920341703e-02
9.580000000000000000e+03 2.979753816659568011e-02 2.988199743819341600e-02
9.590000000000000000e+03 2.979689471366980466e-02 2.988293487734812459e-02
9.600000000000000000e+03 2.979744020792442216e-02 2.988167480262961598e-02
9.610000000000000000e+03 2.979789688924478624e-02 2.988220817608285354e-02
9.620000000000000000e+03 2.979870099876510622e-02 2.988231891678293228e-02
9.630000000000000000e+03 2.979636828217241060e-02 2.988263653861818886e-02
9.640000000000000000e+03 2.979607302880221339e-02 2.988028079240159091e-02
9.650000000000000000e+03 2.979730175451920579e-02 2.988049527665431054e-02
9.660000000000000000e+03 2.979417379867074431e-02 2.988120274984707239e-02
9.670000000000000000e+03 2.979527949753837598e-02 2.987971816359781194e-02
9.680000000000000000e+03 2.979524544888073612e-02 2.987877923688183474e-02
9.690000000000000000e+03 2.979609506684872261e-02 2.988115823320829437e-02
9.700000000000000000e+03 2.979582587321904022e-02 2.988012663690726295e-02
9.710000000000000000e+03 2.979392802050802661e-02 2.987990791034302041e-02
9.720000000000000000e+03 2.979465934974119198e-02 2.987908347072557036e-02
9.730000000000000000e+03 2.979403297612899515e-02 2.987968901841658170e-02
9.740000000000000000e+03 2.979424167557665620e-02 2.987905179117630178e-02
9.750000000000000000e+03 2.979536043184525043e-02 2.987794906746524259e-02
9.760000000000000000e+03 2.979394234512684758e-02 2.987721211853416534e-02
9.770000000000000000e+03 2.979262464125172552e-02 2.987848244088974273e-02
9.780000000000000000e+03 2.979408382875778361e-02 2.987823589132876725e-02
9.790000000000000000e+03 2.979203953377472860e-02 2.987646707067448393e-02
9.800000000000000000e+03 2.979265163770169686e-02 2.987754929912037755e-02
9.810000000000000000e+03 2.979262425559732128e-02 2.987872232389399835e-02
9.820000000000000000e+03 2.979144335226010035e-02 2.987755205380877854e-02
9.830000000000000000e+03 2.979280276297453789e-02 2.987782279007110409e-02
9.840000000000000000e+03 2.979141475803517847e-02 2.987738043333841229e-02
9.850000000000000000e+03 2.979147530725832771e-02 2.987670023215907578e-02
9.860000000000000000e+03 2.979012140610885762e-02 2.987691080470610341e-02
9.870000000000000000e+03 2.979037627494367582e-02 2.987583133098363486e-02
9.880000000000000000e+03 2.979058321121888855e-02 2.987708049689120210e-02
9.890000000000000000e+03 2.979161800299204299e-02 2.987717443361988245e-02
9.900000000000000000e+03 2.979121873047808552e-02 2.987632900292291199e-02
9.910000000000000000e+03 2.978898562543627615e-02 2.987462029076972184e-02
9.920000000000000000e+03 2.979025247676216417e-02 2.987492760993407451e-02
9.930000000000000000e+03 2.978983193767605411e-02 2.987551806157229609e-02
9.940000000000000000e+03 2.978956946568034683e-02 2.987516881524565279e-02
9.950000000000000000e+03 2.978906694546763073e-02 2.987418636362206698e-02
9.960000000000000000e+03 2.978743051775805881e-02 2.987297659054204135e-02
9.970000000000000000e+03 2.978772874634071782e-02 2.987428713211873199e-02
9.980000000000000000e+03 2.978884854939390509e-02 2.987386290165801317e-02
9.990000000000000000e+03 2.978800642436297413e-02 2.987299361486695989e-02
1.000000000000000000e+04 2.978881058907979773e-02 2.987489918098668387e-02
