0.000000000000000000e+00 2.080572617670950475e-02 2.080848854736198211e-02
4.000000000000000000e+00 2.080694487040669893e-02 2.080683732787149895e-02
8.000000000000000000e+00 2.080704633367305711e-02 2.080703168331588318e-02
1.200000000000000000e+01 2.080713392025696981e-02 2.080703020724700841e-02
1.600000000000000000e+01 2.080721503857392227e-02 2.080702010825535506e-02
2.000000000000000000e+01 2.080729602288354865e-02 2.080704615646165878e-02
2.400000000000000000e+01 2.080712174441003148e-02 2.080712393364273632e-02
2.800000000000000000e+01 2.080721330750343046e-02 2.080681829041655662e-02
3.200000000000000000e+01 2.080714109307447990e-02 2.080740923842687093e-02
3.600000000000000000e+01 2.080718412567404696e-02 2.080707213333040165e-02
4.000000000000000000e+01 2.080751338364782155e-02 2.080724708177222881e-02
4.400000000000000000e+01 2.080736026270750202e-02 2.080704976339737070e-02
4.800000000000000000e+01 2.080715345047334797e-02 2.080718308831724581e-02
5.200000000000000000e+01 2.080729749460846420e-02 2.080726516616732136e-02
5.600000000000000000e+01 2.080693028706385658e-02 2.080718537262635573e-02
6.000000000000000000e+01 2.080670127127160970e-02 2.080712150668866806e-02
6.400000000000000000e+01 2.080696051055501775e-02 2.080725682850184666e-02
6.800000000000000000e+01 2.080704937223932377e-02 2.080718691135479900e-02
7.200000000000000000e+01 2.080684061280202793e-02 2.080705597450117211e-02
7.600000000000000000e+01 2.080682393098239047e-02 2.080717941871148419e-02
8.000000000000000000e+01 2.080703881508190814e-02 2.080714690870626507e-02
8.400000000000000000e+01 2.080653132805210248e-02 2.080703979622321523e-02
8.800000000000000000e+01 2.080680530845608819e-02 2.080676230180729391e-02
9.200000000000000000e+01 2.080681674735094383e-02 2.080682372783044035e-02
9.600000000000000000e+01 2.080667937462855888e-02 2.080687231237714901e-02
1.000000000000000000e+02 2.080690392766584504e-02 2.080688253455066639e-02
1.040000000000000000e+02 2.080655075451950595e-02 2.080691471606557069e-02
1.080000000000000000e+02 2.080637996626381880e-02 2.080673524220206377e-02
1.120000000000000000e+02 2.080634525408598182e-02 2.080697935784996122e-02
1.160000000000000000e+02 2.080627279978450317e-02 2.080706725564053852e-02
1.200000000000000000e+02 2.080624962374909986e-02 2.080700397537477500e-02
1.240000000000000000e+02 2.080631147548961737e-02 2.080690877509371040e-02
1.280000000000000000e+02 2.080634747356589070e-02 2.080666426826907611e-02
1.320000000000000000e+02 2.080610938102753216e-02 2.080674824145442928e-02
1.360000000000000000e+02 2.080618223080269585e-02 2.080682712948405885e-02
1.400000000000000000e+02 2.080631241559630779e-02 2.080653142745391912e-02
1.440000000000000000e+02 2.080628381077858843e-02 2.080671214613096648e-02
1.480000000000000000e+02 2.080589694765806394e-02 2.080644459509129601e-02
1.520000000000000000e+02 2.080610304670405669e-02 2.080666355942504056e-02
1.560000000000000000e+02 2.080594838275191816e-02 2.080673090912760897e-02
1.600000000000000000e+02 2.080608813270948265e-02 2.080667019412829610e-02
1.640000000000000000e+02 2.080577599742621311e-02 2.080661024200634174e-02
1.680000000000000000e+02 2.080577895818136805e-02 2.080644414990527602e-02
1.720000000000000000e+02 2.080582899716262521e-02 2.080657522724291622e-02
1.760000000000000000e+02 2.080574315460525375e-02 2.080652554484787448e-02
1.800000000000000000e+02 2.080577716874650734e-02 2.080627995746652317e-02
1.840000000000000000e+02 2.080555624860501093e-02 2.080653984293788505e-02
1.880000000000000000e+02 2.080567272962158612e-02 2.080678270296569543e-02
1.920000000000000000e+02 2.080535861255021490e-02 2.080637146868325252e-02
1.960000000000000000e+02 2.080518062123098630e-02 2.080652221237838315e-02
2.000000000000000000e+02 2.080527666653226443e-02 2.080646696719194721e-02
