0.000000000000000000e+00 2.769525549158470545e-02 2.770678013045735008e-02
4.000000000000000000e+01 2.770519074592938183e-02 2.771445473991429598e-02
8.000000000000000000e+01 2.771259967962351120e-02 2.771824872999862494e-02
1.200000000000000000e+02 2.771393994942018824e-02 2.772013035350459620e-02
1.600000000000000000e+02 2.771687383556885667e-02 2.772292628151957344e-02
2.000000000000000000e+02 2.771834356146891942e-02 2.772258202063436483e-02
2.400000000000000000e+02 2.771757100021065429e-02 2.772278267462377488e-02
2.800000000000000000e+02 2.771663593211457985e-02 2.772278338550479213e-02
3.200000000000000000e+02 2.771716114771766160e-02 2.772709064608309265e-02
3.600000000000000000e+02 2.771437213693146370e-02 2.772541377264079593e-02
4.000000000000000000e+02 2.771608569213348042e-02 2.772420172556255835e-02
4.400000000000000000e+02 2.771414371942390945e-02 2.772143097561673500e-02
4.800000000000000000e+02 2.771580018471587331e-02 2.772475152349837199e-02
5.200000000000000000e+02 2.771428078533033287e-02 2.772415993397388256e-02
5.600000000000000000e+02 2.771220296509468300e-02 2.772330627027850408e-02
6.000000000000000000e+02 2.771106823026153743e-02 2.772150200077105192e-02
6.400000000000000000e+02 2.771062361922175740e-02 2.772220613402559541e-02
6.800000000000000000e+02 2.771094703794357156e-02 2.772047480478194784e-02
7.200000000000000000e+02 2.770791357438036340e-02 2.772207324971457179e-02
7.600000000000000000e+02 2.770891500641942812e-02 2.772091383881401805e-02
8.000000000000000000e+02 2.770991400105384320e-02 2.772007283321687235e-02
8.400000000000000000e+02 2.770849947543179911e-02 2.772003441323605752e-02
8.800000000000000000e+02 2.770601982749920644e-02 2.772013682103361201e-02
9.200000000000000000e+02 2.770466594089819254e-02 2.771848925712017825e-02
9.600000000000000000e+02 2.770386546083766430e-02 2.771867311761175984e-02
1.000000000000000000e+03 2.770060383524206721e-02 2.771596460109531160e-02
1.040000000000000000e+03 2.770121257109691565e-02 2.771617649745824682e-02
1.080000000000000000e+03 2.770023617545546921e-02 2.771706692063931332e-02
1.120000000000000000e+03 2.770043725236268767e-02 2.771504182942769248e-02
1.160000000000000000e+03 2.769697058141630183e-02 2.771601833284137451e-02
1.200000000000000000e+03 2.769441067768661779e-02 2.771617026787887711e-02
1.240000000000000000e+03 2.769757658816011936e-02 2.771644085759605511e-02
1.280000000000000000e+03 2.769460896059328103e-02 2.771546339785212892e-02
1.320000000000000000e+03 2.769470401237061202e-02 2.771338766506412435e-02
1.360000000000000000e+03 2.769458042760862201e-02 2.771167545835532750e-02
1.400000000000000000e+03 2.769047810259353537e-02 2.771582873110365816e-02
1.440000000000000000e+03 2.768761704164698911e-02 2.771546954272824034e-02
1.480000000000000000e+03 2.768746389033201194e-02 2.771197045500101153e-02
1.520000000000000000e+03 2.769157066394081421e-02 2.770877355633716635e-02
1.560000000000000000e+03 2.768868107447389898e-02 2.771394452929441463e-02
1.600000000000000000e+03 2.768953472267349225e-02 2.771227236126317175e-02
1.640000000000000000e+03 2.768608533063712102e-02 2.771012998841208830e-02
1.680000000000000000e+03 2.768458666671069074e-02 2.770879270225989899e-02
1.720000000000000000e+03 2.768346018734760619e-02 2.771014685719190573e-02
1.760000000000000000e+03 2.768280163644241954e-02 2.770864216586824483e-02
1.800000000000000000e+03 2.768193575188482303e-02 2.770877278842504357e-02
1.840000000000000000e+03 2.768223800522069677e-02 2.770836705842549819e-02
1.880000000000000000e+03 2.767667680102124314e-02 2.770581021486927253e-02
1.920000000000000000e+03 2.767642710124414498e-02 2.770884381217143810e-02
1.960000000000000000e+03 2.767897003515445639e-02 2.770838390735542306e-02
2.000000000000000000e+03 2.767551050837124479e-02 2.770620749580620518e-02
2.040000000000000000e+03 2.767591973932348806e-02 2.770616182663723087e-02
2.080000000000000000e+03 2.767152160955813414e-02 2.770861015125190147e-02
2.120000000000000000e+03 2.767365174293012417e-02 2.770364134606386960e-02
2.160000000000000000e+03 2.767349333211370152e-02 2.770413940330247043e-02
2.200000000000000000e+03 2.767323859090561888e-02 2.770670344917141106e-02
2.240000000000000000e+03 2.767245766799257198e-02 2.770285305905709899e-02
2.280000000000000000e+03 2.767249414173649641e-02 2.770645584066412301e-02
2.320000000000000000e+03 2.767300396370335480e-02 2.770126434287448550e-02
2.360000000000000000e+03 2.767199922833545739e-02 2.770278813359846118e-02
2.400000000000000000e+03 2.766693417325802665e-02 2.770589266149958707e-02
2.440000000000000000e+03 2.766944753228882739e-02 2.770337940362362431e-02
2.480000000000000000e+03 2.766644020611226662e-02 2.770078311851202971e-02
2.520000000000000000e+03 2.766816892234311501e-02 2.770292155092636890e-02
2.560000000000000000e+03 2.766415623673218818e-02 2.770136437810158045e-02
2.600000000000000000e+03 2.766569128549366263e-02 2.770183427195211170e-02
2.640000000000000000e+03 2.766311944264551390e-02 2.770045525907529130e-02
2.680000000000000000e+03 2.766577585704475123e-02 2.770112218832194301e-02
2.720000000000000000e+03 2.766111446963162926e-02 2.769974512039570860e-02
2.760000000000000000e+03 2.766183456650466235e-02 2.770260119276295521e-02
2.800000000000000000e+03 2.765972619040294941e-02 2.769789737108937361e-02
2.840000000000000000e+03 2.765763183006741607e-02 2.770013217946885875e-02
2.880000000000000000e+03 2.766275777341353770e-02 2.769771651915606953e-02
2.920000000000000000e+03 2.766337273122887117e-02 2.769789332707456309e-02
2.960000000000000000e+03 2.765746593432875933e-02 2.770283024058438001e-02
3.000000000000000000e+03 2.765795477817625109e-02 2.770114783914357642e-02
3.040000000000000000e+03 2.765609667421347131e-02 2.770014069810323651e-02
3.080000000000000000e+03 2.765311272615520941e-02 2.769581542229407334e-02
3.120000000000000000e+03 2.765427015034580341e-02 2.769831924590299144e-02
3.160000000000000000e+03 2.765791762535122281e-02 2.769725746197035376e-02
3.200000000000000000e+03 2.765575693140550143e-02 2.769591310165156126e-02
3.240000000000000000e+03 2.765420668728133316e-02 2.769652181133935506e-02
3.280000000000000000e+03 2.765358368387752994e-02 2.769657690480136283e-02
3.320000000000000000e+03 2.765266748789070930e-02 2.769875455766864294e-02
3.360000000000000000e+03 2.765256138282199197e-02 2.769898702801934162e-02
3.400000000000000000e+03 2.764973180405523243e-02 2.769975590737475471e-02
3.440000000000000000e+03 2.765240059316505239e-02 2.769615783597240838e-02
3.480000000000000000e+03 2.764936576155352030e-02 2.769467613094333050e-02
3.520000000000000000e+03 2.765135348357425707e-02 2.769348570217167529e-02
3.560000000000000000e+03 2.765076539631884656e-02 2.769488253366421751e-02
3.600000000000000000e+03 2.765046333686699623e-02 2.769388049696644427e-02
3.640000000000000000e+03 2.764779948491110848e-02 2.769349994966241804e-02
3.680000000000000000e+03 2.764708170881036153e-02 2.769260450386386990e-02
3.720000000000000000e+03 2.764330060737204414e-02 2.769503829526231628e-02
3.760000000000000000e+03 2.764697928076380665e-02 2.769411252268314666e-02
3.800000000000000000e+03 2.764523895815072449e-02 2.769028552764684140e-02
3.840000000000000000e+03 2.764693356532292937e-02 2.768942329683739267e-02
3.880000000000000000e+03 2.764788851545035842e-02 2.769323900586309270e-02
3.920000000000000000e+03 2.764168234598218463e-02 2.769059889751196782e-02
3.960000000000000000e+03 2.764502981806510676e-02 2.769136198146803299e-02
4.000000000000000000e+03 2.764477157638776939e-02 2.769217450467046163e-02
4.040000000000000000e+03 2.764160050960782350e-02 2.769661198973350988e-02
4.080000000000000000e+03 2.764383607460430339e-02 2.769131481064207242e-02
4.120000000000000000e+03 2.764207367422304509e-02 2.769012711141724190e-02
4.160000000000000000e+03 2.763993955663055987e-02 2.768910679352251311e-02
4.200000000000000000e+03 2.764371137991246397e-02 2.769182263735848679e-02
4.240000000000000000e+03 2.764347509674686121e-02 2.768899334245902497e-02
4.280000000000000000e+03 2.764077787417737464e-02 2.769048031730493228e-02
4.320000000000000000e+03 2.764227281152302484e-02 2.769004264561155879e-02
4.360000000000000000e+03 2.763760140399129997e-02 2.769128585232053658e-02
4.400000000000000000e+03 2.763846217639143177e-02 2.768982771816498600e-02
4.440000000000000000e+03 2.764156593744210993e-02 2.768990797996090727e-02
4.480000000000000000e+03 2.764097129472378039e-02 2.768955794593997224e-02
4.520000000000000000e+03 2.763715801231577535e-02 2.768972229144547187e-02
4.560000000000000000e+03 2.763484792645918772e-02 2.769003109785853761e-02
4.600000000000000000e+03 2.763390779538137457e-02 2.769041721765066674e-02
4.640000000000000000e+03 2.763584092029558112e-02 2.768975716181131669e-02
4.680000000000000000e+03 2.763539464015636257e-02 2.768952856661708803e-02
4.720000000000000000e+03 2.763251754121397868e-02 2.768861270638182936e-02
4.760000000000000000e+03 2.763308253464379777e-02 2.768942882070980077e-02
4.800000000000000000e+03 2.763305373219313021e-02 2.768741910468809631e-02
4.840000000000000000e+03 2.763274580338147615e-02 2.768661499936954026e-02
4.880000000000000000e+03 2.763277186154012091e-02 2.768779398546194342e-02
4.920000000000000000e+03 2.763292103367676403e-02 2.768849802009445971e-02
4.960000000000000000e+03 2.763309989111114098e-02 2.768973526752380870e-02
5.000000000000000000e+03 2.763254376051340125e-02 2.768629123268987954e-02
5.040000000000000000e+03 2.763062607168994406e-02 2.768874205275975720e-02
5.080000000000000000e+03 2.763306996276300789e-02 2.768534117251790841e-02
5.120000000000000000e+03 2.763083222952042797e-02 2.768832152288340162e-02
5.160000000000000000e+03 2.763364698006158526e-02 2.768775358795156141e-02
5.200000000000000000e+03 2.763184216944944774e-02 2.768647678089404887e-02
5.240000000000000000e+03 2.762601294330566462e-02 2.768484168148536984e-02
5.280000000000000000e+03 2.763093520575105391e-02 2.768637488867837712e-02
5.320000000000000000e+03 2.762890363546888217e-02 2.768583772406099652e-02
5.360000000000000000e+03 2.763118744644781424e-02 2.768697153950462966e-02
5.400000000000000000e+03 2.762994643472290596e-02 2.768938220929590549e-02
5.440000000000000000e+03 2.762624739132028134e-02 2.768771179016630071e-02
5.480000000000000000e+03 2.762900600074585586e-02 2.768434799504958937e-02
5.520000000000000000e+03 2.762737496653682248e-02 2.768381031771137077e-02
5.560000000000000000e+03 2.762691177070387624e-02 2.768599492697323972e-02
5.600000000000000000e+03 2.762675809314456277e-02 2.768296393293026916e-02
5.640000000000000000e+03 2.762387244885332674e-02 2.768436107743224919e-02
5.680000000000000000e+03 2.762618928708035493e-02 2.768490903306019754e-02
5.720000000000000000e+03 2.762673613549927049e-02 2.768857725056392619e-02
5.760000000000000000e+03 2.762702571474074179e-02 2.768449336512060488e-02
5.800000000000000000e+03 2.762283958407164147e-02 2.768717637498597367e-02
5.840000000000000000e+03 2.762560108816283083e-02 2.768626256367999472e-02
5.880000000000000000e+03 2.762325206149872370e-02 2.768706829380902096e-02
5.920000000000000000e+03 2.762536290023112628e-02 2.768477047183617520e-02
5.960000000000000000e+03 2.762313742910490338e-02 2.768739962169412816e-02
6.000000000000000000e+03 2.762427206848032737e-02 2.768542843047728727e-02
