0.000000000000000000e+00 3.065419500210061696e-02 3.065947834540570099e-02
4.000000000000000000e+01 3.065813185139234717e-02 3.066255607445257311e-02
8.000000000000000000e+01 3.066110354196500964e-02 3.066545062502781457e-02
1.200000000000000000e+02 3.066280369603510345e-02 3.066657492427058568e-02
1.600000000000000000e+02 3.066197575578201093e-02 3.066599814348270822e-02
2.000000000000000000e+02 3.066249268943228509e-02 3.066681127074527904e-02
2.400000000000000000e+02 3.066208857260610196e-02 3.066634257853902493e-02
2.800000000000000000e+02 3.066192199258025927e-02 3.066751181270151172e-02
3.200000000000000000e+02 3.066142509619084605e-02 3.066724491437678238e-02
3.600000000000000000e+02 3.066100705911374916e-02 3.066756431949128198e-02
4.000000000000000000e+02 3.066062185522861958e-02 3.066699577186383224e-02
4.400000000000000000e+02 3.065849721638012546e-02 3.066661463500291313e-02
4.800000000000000000e+02 3.065859809681685186e-02 3.066670883628992011e-02
5.200000000000000000e+02 3.065797403352667205e-02 3.066550141240718258e-02
5.600000000000000000e+02 3.065545129562863985e-02 3.066571272893948638e-02
6.000000000000000000e+02 3.065362817385961988e-02 3.066456733444335170e-02
6.400000000000000000e+02 3.065346192446171888e-02 3.066539114162946181e-02
6.800000000000000000e+02 3.065216489522400514e-02 3.066419939035759309e-02
7.200000000000000000e+02 3.065178412208538483e-02 3.066383921653895867e-02
7.600000000000000000e+02 3.064994529455603370e-02 3.066371009887610202e-02
8.000000000000000000e+02 3.064939959469213659e-02 3.066182941143876656e-02
8.400000000000000000e+02 3.064884695118068325e-02 3.066167245323736176e-02
8.800000000000000000e+02 3.064693762968031740e-02 3.066117135764220847e-02
9.200000000000000000e+02 3.064601988565922308e-02 3.066051624657719840e-02
9.600000000000000000e+02 3.064562892857281701e-02 3.065901352180965683e-02
1.000000000000000000e+03 3.064276168948027942e-02 3.065970933549367824e-02
1.040000000000000000e+03 3.064140213485445213e-02 3.065858311848562029e-02
1.080000000000000000e+03 3.064105310383210753e-02 3.065856040301108767e-02
1.120000000000000000e+03 3.064068628395985941e-02 3.065824225448699619e-02
1.160000000000000000e+03 3.063817855745203447e-02 3.065718087736098163e-02
1.200000000000000000e+03 3.063769290304523690e-02 3.065667505349970942e-02
1.240000000000000000e+03 3.063542754079327107e-02 3.065644098846143084e-02
1.280000000000000000e+03 3.063495828647210331e-02 3.065655585523671331e-02
1.320000000000000000e+03 3.063418281995018005e-02 3.065491118364289252e-02
1.360000000000000000e+03 3.063224357492119396e-02 3.065453179923118346e-02
1.400000000000000000e+03 3.063148533502646487e-02 3.065370640491016027e-02
1.440000000000000000e+03 3.062963691874001637e-02 3.065373262524623971e-02
1.480000000000000000e+03 3.062866270020936019e-02 3.065275361238964727e-02
1.520000000000000000e+03 3.062751700818052217e-02 3.065225165706344720e-02
1.560000000000000000e+03 3.062700172773464430e-02 3.065282734665457365e-02
1.600000000000000000e+03 3.062619213844735080e-02 3.065265772474584302e-02
1.640000000000000000e+03 3.062571071633452685e-02 3.065229867503747527e-02
1.680000000000000000e+03 3.062427468307591868e-02 3.065122089781802117e-02
1.720000000000000000e+03 3.062388127921747763e-02 3.065191813335689866e-02
1.760000000000000000e+03 3.062210338989241470e-02 3.064951836308500363e-02
1.800000000000000000e+03 3.062137103970642010e-02 3.064871551889416720e-02
1.840000000000000000e+03 3.062078625729247605e-02 3.064903955304959515e-02
1.880000000000000000e+03 3.061815996074299800e-02 3.064852509930624316e-02
1.920000000000000000e+03 3.061769798066392087e-02 3.064867934614289718e-02
1.960000000000000000e+03 3.061806552796531369e-02 3.064669586051493172e-02
2.000000000000000000e+03 3.061719615761044830e-02 3.064713238079704027e-02
