0.000000000000000000e+00 1.918713248641506011e-02 1.920328204195089622e-02
4.000000000000000000e+02 1.920155680608335094e-02 1.920622020699951082e-02
8.000000000000000000e+02 1.920276907446244116e-02 1.920606272672228942e-02
1.200000000000000000e+03 1.920479649645503301e-02 1.921350989568837431e-02
1.600000000000000000e+03 1.920465024896486975e-02 1.921175624714786118e-02
2.000000000000000000e+03 1.920049497010060599e-02 1.921285706795575199e-02
2.400000000000000000e+03 1.919529415376733730e-02 1.921169281462391590e-02
2.800000000000000000e+03 1.919834949281622877e-02 1.921157453911238183e-02
3.200000000000000000e+03 1.919234057084756931e-02 1.920652679803873386e-02
3.600000000000000000e+03 1.918722785568370906e-02 1.920717301827530588e-02
4.000000000000000000e+03 1.919064440847847997e-02 1.920997286466162579e-02
4.400000000000000000e+03 1.918918083221505047e-02 1.920551606051245155e-02
4.800000000000000000e+03 1.918499449760024608e-02 1.920239949124953951e-02
5.200000000000000000e+03 1.918206998859765464e-02 1.920654772210469985e-02
5.600000000000000000e+03 1.918380095092171375e-02 1.920485266073966232e-02
6.000000000000000000e+03 1.917916926622289034e-02 1.920385690028649991e-02
6.400000000000000000e+03 1.917950955608511976e-02 1.920128369338760035e-02
6.800000000000000000e+03 1.917960228224714278e-02 1.920483129625696894e-02
7.200000000000000000e+03 1.917676256999076637e-02 1.920030863655219217e-02
7.600000000000000000e+03 1.917167672528611796e-02 1.920296179520986080e-02
8.000000000000000000e+03 1.917212097417586927e-02 1.920256269823229778e-02
8.400000000000000000e+03 1.917259429619344938e-02 1.920225875002927463e-02
8.800000000000000000e+03 1.916872798825398905e-02 1.920106167920860099e-02
9.200000000000000000e+03 1.916853989286407614e-02 1.919916046165661902e-02
9.600000000000000000e+03 1.917181107910814752e-02 1.920211888991754309e-02
1.000000000000000000e+04 1.916825796996069614e-02 1.919541000642361814e-02
1.040000000000000000e+04 1.916192725958727056e-02 1.919750746851415016e-02
1.080000000000000000e+04 1.916291134661249340e-02 1.920048505877825634e-02
1.120000000000000000e+04 1.916586030401885507e-02 1.919798519556265015e-02
1.160000000000000000e+04 1.916116188311944857e-02 1.919789951756862081e-02
1.200000000000000000e+04 1.916087511460804957e-02 1.919736650716187543e-02
1.240000000000000000e+04 1.916295385528494696e-02 1.919971902126487578e-02
1.280000000000000000e+04 1.915806425525956938e-02 1.919637052644851058e-02
1.320000000000000000e+04 1.915536946918188627e-02 1.919533071557243120e-02
1.360000000000000000e+04 1.915786536760904005e-02 1.919743566640656415e-02
1.400000000000000000e+04 1.915838758572298295e-02 1.919443054449922539e-02
1.440000000000000000e+04 1.915670441790215742e-02 1.919562827632211380e-02
1.480000000000000000e+04 1.915222492793954359e-02 1.919543379368796043e-02
1.520000000000000000e+04 1.915607515746593423e-02 1.919864110688729655e-02
1.560000000000000000e+04 1.914982594030210233e-02 1.919461577669751701e-02
1.600000000000000000e+04 1.914758245100857403e-02 1.919129349192173414e-02
1.640000000000000000e+04 1.915025653368940609e-02 1.919557035011318358e-02
1.680000000000000000e+04 1.915220224179973313e-02 1.919252514231404097e-02
1.720000000000000000e+04 1.914762385827438462e-02 1.919368146673191763e-02
1.760000000000000000e+04 1.914287147573597372e-02 1.919437834485003200e-02
1.800000000000000000e+04 1.915085495891472034e-02 1.919398761737976453e-02
1.840000000000000000e+04 1.914404564042519741e-02 1.919184588428295146e-02
1.880000000000000000e+04 1.914425113579427268e-02 1.918761131470762479e-02
1.920000000000000000e+04 1.914572572461386429e-02 1.919450344820293822e-02
1.960000000000000000e+04 1.914461609379181778e-02 1.919278173623141168e-02
2.000000000000000000e+04 1.914119359387728841e-02 1.918827471445869529e-02
2.040000000000000000e+04 1.914274328881855614e-02 1.918969864538878217e-02
2.080000000000000000e+04 1.914216094215626107e-02 1.919126485904700669e-02
2.120000000000000000e+04 1.913825653036395000e-02 1.918952464617201814e-02
2.160000000000000000e+04 1.913690374099849545e-02 1.918812560355876232e-02
2.200000000000000000e+04 1.914181734844101410e-02 1.919351451558935426e-02
2.240000000000000000e+04 1.913765876575983585e-02 1.918632966693443673e-02
2.280000000000000000e+04 1.913395962923655422e-02 1.918775161534974974e-02
2.320000000000000000e+04 1.913345216802006532e-02 1.919044530050978414e-02
2.360000000000000000e+04 1.913764687224659908e-02 1.918988277619666435e-02
2.400000000000000000e+04 1.913371889352435962e-02 1.918425753370587780e-02
2.440000000000000000e+04 1.913171569929268331e-02 1.918873812515348512e-02
2.480000000000000000e+04 1.913503754376666421e-02 1.919062766942724110e-02
2.520000000000000000e+04 1.913147672570888330e-02 1.918840994947155348e-02
2.560000000000000000e+04 1.912689878288813955e-02 1.918823991463160586e-02
2.600000000000000000e+04 1.912991756000208959e-02 1.918767320561226564e-02
2.640000000000000000e+04 1.913307179256886273e-02 1.918938148221368406e-02
2.680000000000000000e+04 1.913027613063136498e-02 1.918639662354715975e-02
2.720000000000000000e+04 1.912755733688087378e-02 1.918522422095438398e-02
2.760000000000000000e+04 1.912684019568465510e-02 1.918929712569571525e-02
2.800000000000000000e+04 1.912474317408367069e-02 1.918394521610963799e-02
2.840000000000000000e+04 1.912506672453313447e-02 1.918572441374787399e-02
2.880000000000000000e+04 1.912359940409494655e-02 1.918641248187956047e-02
2.920000000000000000e+04 1.912610455327200601e-02 1.918663625805696812e-02
2.960000000000000000e+04 1.912141340052145311e-02 1.918218231705769855e-02
3.000000000000000000e+04 1.912319788411005750e-02 1.918281576259741120e-02
3.040000000000000000e+04 1.912415862458341845e-02 1.918867953827139636e-02
3.080000000000000000e+04 1.911964895982601331e-02 1.918405512197134122e-02
3.120000000000000000e+04 1.911802305766440932e-02 1.918197109531711436e-02
3.160000000000000000e+04 1.911899745373381657e-02 1.918525725875436932e-02
3.200000000000000000e+04 1.911903709908655338e-02 1.918249331325822676e-02
3.240000000000000000e+04 1.911765325414992167e-02 1.918085419591638446e-02
3.280000000000000000e+04 1.911400565665923035e-02 1.918161692963408702e-02
3.320000000000000000e+04 1.911779399542543403e-02 1.918711508640202554e-02
3.360000000000000000e+04 1.911397504159946872e-02 1.917909063626326710e-02
3.400000000000000000e+04 1.911243305554505278e-02 1.917882809548765097e-02
3.440000000000000000e+04 1.911242006075604752e-02 1.918206844671745820e-02
3.480000000000000000e+04 1.911641191254263503e-02 1.917811095410008881e-02
3.520000000000000000e+04 1.911207052043126936e-02 1.917916442087488210e-02
3.560000000000000000e+04 1.911060033682714446e-02 1.918173344314954079e-02
3.600000000000000000e+04 1.911078733099307383e-02 1.918227922811540850e-02
3.640000000000000000e+04 1.910780863953265296e-02 1.917798651164162246e-02
3.680000000000000000e+04 1.910991667379937503e-02 1.917769203448066798e-02
3.720000000000000000e+04 1.911387372570355972e-02 1.918028594528525810e-02
3.760000000000000000e+04 1.910915349971598759e-02 1.917773520376919033e-02
3.800000000000000000e+04 1.910593517381876938e-02 1.917885915122839388e-02
3.840000000000000000e+04 1.910583936438531999e-02 1.917886972322268430e-02
3.880000000000000000e+04 1.911081596366876259e-02 1.918135747236980604e-02
3.920000000000000000e+04 1.910433966644392925e-02 1.917650531547011525e-02
3.960000000000000000e+04 1.910335998458862622e-02 1.917585116632905540e-02
4.000000000000000000e+04 1.910499051199216966e-02 1.918163631176333234e-02
4.040000000000000000e+04 1.910500813228637601e-02 1.917605093494928817e-02
4.080000000000000000e+04 1.909967384309832830e-02 1.917674384856031533e-02
4.120000000000000000e+04 1.910040001474520854e-02 1.917853317769442276e-02
4.160000000000000000e+04 1.910503896745109967e-02 1.917553994972414841e-02
4.200000000000000000e+04 1.909819837330502951e-02 1.917353014777770440e-02
4.240000000000000000e+04 1.909991391805058655e-02 1.917569632890151962e-02
4.280000000000000000e+04 1.910493522882307157e-02 1.917986240006010201e-02
4.320000000000000000e+04 1.910053348752753510e-02 1.917363432726668787e-02
4.360000000000000000e+04 1.909614760468279077e-02 1.917424927158146650e-02
4.400000000000000000e+04 1.909585599056931246e-02 1.917713083184080167e-02
4.440000000000000000e+04 1.909979850582982017e-02 1.917543643105601089e-02
4.480000000000000000e+04 1.909696518087614092e-02 1.917346825705097679e-02
4.520000000000000000e+04 1.909430563507743053e-02 1.917070651427122199e-02
4.560000000000000000e+04 1.909486573663994255e-02 1.917766780671202251e-02
4.600000000000000000e+04 1.909623041949477795e-02 1.917545559315358278e-02
4.640000000000000000e+04 1.909357880267854163e-02 1.917051996046442372e-02
4.680000000000000000e+04 1.909398450725258156e-02 1.917565095689797300e-02
4.720000000000000000e+04 1.909855275920431528e-02 1.917299383380632882e-02
4.760000000000000000e+04 1.909575159089981627e-02 1.917212427783333145e-02
4.800000000000000000e+04 1.909008868560098035e-02 1.917028120704638780e-02
4.840000000000000000e+04 1.909316582980700311e-02 1.917624233414852095e-02
4.880000000000000000e+04 1.909240772144074616e-02 1.917048780368469166e-02
4.920000000000000000e+04 1.908983759799034660e-02 1.917023297189384898e-02
4.960000000000000000e+04 1.908975830735464008e-02 1.917369864089270640e-02
5.000000000000000000e+04 1.909218262374876365e-02 1.917527608748735221e-02
5.040000000000000000e+04 1.908837424230911198e-02 1.917197494700049326e-02
5.080000000000000000e+04 1.908724016337115525e-02 1.917174125918899921e-02
5.120000000000000000e+04 1.909072279170325598e-02 1.917237580589297233e-02
5.160000000000000000e+04 1.908660561648076875e-02 1.917047965432712789e-02
5.200000000000000000e+04 1.908853326429500730e-02 1.917085474404436538e-02
5.240000000000000000e+04 1.908535678634247848e-02 1.917366384107360711e-02
5.280000000000000000e+04 1.908822975666782037e-02 1.917240950452231765e-02
5.320000000000000000e+04 1.908796148945733628e-02 1.917236875779348634e-02
5.360000000000000000e+04 1.908278291862556403e-02 1.917086928072272989e-02
5.400000000000000000e+04 1.908573738227437380e-02 1.917409905961931643e-02
5.440000000000000000e+04 1.908370709703241172e-02 1.917075981523354983e-02
5.480000000000000000e+04 1.908300581379204428e-02 1.917084417191540838e-02
5.520000000000000000e+04 1.908377339305692907e-02 1.917386933662854759e-02
5.560000000000000000e+04 1.908576205046234528e-02 1.917364049441142720e-02
5.600000000000000000e+04 1.908010112738854624e-02 1.917167077855533308e-02
5.640000000000000000e+04 1.907875252294228066e-02 1.917276763473352991e-02
5.680000000000000000e+04 1.908549906939605370e-02 1.917194014697539209e-02
5.720000000000000000e+04 1.908247941090074340e-02 1.917007042566184691e-02
5.760000000000000000e+04 1.908242038360824164e-02 1.916849430081264682e-02
5.800000000000000000e+04 1.908236554081871317e-02 1.917351583175938221e-02
5.840000000000000000e+04 1.908124577829146615e-02 1.916931782357552197e-02
5.880000000000000000e+04 1.907910778963177109e-02 1.916934667669008274e-02
5.920000000000000000e+04 1.908129357297779632e-02 1.917174654544089377e-02
5.960000000000000000e+04 1.908318884368280510e-02 1.916872071990675594e-02
6.000000000000000000e+04 1.907928531301413336e-02 1.916834342780145140e-02
6.040000000000000000e+04 1.908043260687615483e-02 1.917121375509010794e-02
6.080000000000000000e+04 1.908157946047793138e-02 1.917331209841938860e-02
6.120000000000000000e+04 1.907760126438364651e-02 1.916926672522388173e-02
6.160000000000000000e+04 1.907517606688178061e-02 1.916995193005115519e-02
6.200000000000000000e+04 1.907740920429136164e-02 1.917167232034266283e-02
6.240000000000000000e+04 1.907963463324895137e-02 1.917039419678230952e-02
6.280000000000000000e+04 1.907497343489129166e-02 1.917122410694098097e-02
6.320000000000000000e+04 1.907563903703861016e-02 1.916965282739167137e-02
6.360000000000000000e+04 1.907714490160892715e-02 1.917167760648239364e-02
6.400000000000000000e+04 1.907525689957424372e-02 1.916776438466480381e-02
6.440000000000000000e+04 1.907331053023371067e-02 1.916796921914801569e-02
6.480000000000000000e+04 1.907333123404521269e-02 1.917091949821441918e-02
6.520000000000000000e+04 1.907712111456558515e-02 1.916821458022868047e-02
6.560000000000000000e+04 1.907076815868533060e-02 1.916787693354933542e-02
6.600000000000000000e+04 1.907132099193084573e-02 1.916780425033622753e-02
6.640000000000000000e+04 1.907396357835294820e-02 1.917238725930959023e-02
6.680000000000000000e+04 1.907254140948165186e-02 1.916554556351710709e-02
6.720000000000000000e+04 1.906993802797486356e-02 1.916593915430736192e-02
6.760000000000000000e+04 1.906956095623780004e-02 1.916949380543504083e-02
6.800000000000000000e+04 1.907299358748251045e-02 1.916946142824054941e-02
6.840000000000000000e+04 1.906794342366421174e-02 1.916556428496613701e-02
6.880000000000000000e+04 1.907023602926362707e-02 1.916837007836540846e-02
6.920000000000000000e+04 1.907138882954715481e-02 1.916674219412485211e-02
6.960000000000000000e+04 1.907186083015139505e-02 1.916504911494270116e-02
7.000000000000000000e+04 1.906840066744044243e-02 1.916467270391176286e-02
7.040000000000000000e+04 1.906533211317818985e-02 1.916975304226035612e-02
7.080000000000000000e+04 1.906722760390665641e-02 1.916905682479081927e-02
7.120000000000000000e+04 1.906574288340940823e-02 1.916554688508347384e-02
7.160000000000000000e+04 1.906457246312264625e-02 1.916404652674375333e-02
7.200000000000000000e+04 1.907080824478377123e-02 1.916796084956658153e-02
7.240000000000000000e+04 1.906610101369249008e-02 1.916443527193617546e-02
7.280000000000000000e+04 1.906066695023429791e-02 1.916108545543260960e-02
7.320000000000000000e+04 1.906340336419734202e-02 1.917148224262022957e-02
7.360000000000000000e+04 1.906513895164399508e-02 1.916551825225046302e-02
7.400000000000000000e+04 1.906255561331563625e-02 1.916007471795514935e-02
7.440000000000000000e+04 1.906038194386872400e-02 1.916384499600980174e-02
7.480000000000000000e+04 1.906765973871775086e-02 1.916779389847623680e-02
7.520000000000000000e+04 1.906263490396162275e-02 1.916279307120876893e-02
7.560000000000000000e+04 1.905768517543924082e-02 1.915982252917324338e-02
7.600000000000000000e+04 1.906153760741907330e-02 1.916891278000929649e-02
7.640000000000000000e+04 1.906219506034008068e-02 1.916508898058391988e-02
7.680000000000000000e+04 1.905564872306180976e-02 1.916067402429995348e-02
7.720000000000000000e+04 1.905904214945240011e-02 1.916074230255131183e-02
7.760000000000000000e+04 1.906262433197810496e-02 1.916380909476322197e-02
7.800000000000000000e+04 1.905916460970302415e-02 1.916057667282038829e-02
7.840000000000000000e+04 1.905890713486148302e-02 1.916180479936379494e-02
7.880000000000000000e+04 1.905828976776563141e-02 1.916443989735025499e-02
7.920000000000000000e+04 1.906151734406721573e-02 1.915994631083030655e-02
7.960000000000000000e+04 1.905621455116507379e-02 1.916033219283817465e-02
8.000000000000000000e+04 1.905538023562130742e-02 1.916281685839389681e-02
