1.000000000000000000e+01 9.955370644187456260e-04 1.049963907290116412e-03
1.400000000000000000e+01 9.933624177801509900e-04 1.049235274156738468e-03
1.800000000000000000e+01 9.921650676895216701e-04 1.050005240869942387e-03
2.200000000000000000e+01 9.894535257419505726e-04 1.049480333761850393e-03
2.600000000000000000e+01 9.878307780615781450e-04 1.049377441092406299e-03
3.000000000000000000e+01 9.872159226024675681e-04 1.049395239541574135e-03
3.400000000000000000e+01 9.869134960865510314e-04 1.049380456535722568e-03
3.800000000000000000e+01 9.875938821963347984e-04 1.048418899093725865e-03
4.200000000000000000e+01 9.868906228840553484e-04 1.049258147369143109e-03
4.600000000000000000e+01 9.865142813384104349e-04 1.049980970264429185e-03
5.000000000000000000e+01 9.872576974655096742e-04 1.049127159619405109e-03
5.400000000000000000e+01 9.877026586555496136e-04 1.049366335445438498e-03
5.800000000000000000e+01 9.863632151725161730e-04 1.048987272647122467e-03
6.200000000000000000e+01 9.873165353140157894e-04 1.049346183487647648e-03
6.600000000000000000e+01 9.879800790844909739e-04 1.049376779162016892e-03
7.000000000000000000e+01 9.878967499843569963e-04 1.049807619274140255e-03
7.400000000000000000e+01 9.882960382879590108e-04 1.049891830928555841e-03
7.800000000000000000e+01 9.883067026595329825e-04 1.049937797986157106e-03
8.200000000000000000e+01 9.888324923139197014e-04 1.049755621328758498e-03
8.600000000000000000e+01 9.887217300809257505e-04 1.049557043605966068e-03
9.000000000000000000e+01 9.888727962408913781e-04 1.049055156807460155e-03
9.400000000000000000e+01 9.896476170666611890e-04 1.049807619276021346e-03
9.800000000000000000e+01 9.895011844019575148e-04 1.049557264248048580e-03
1.020000000000000000e+02 9.900740443287536340e-04 1.049179819484104617e-03
1.060000000000000000e+02 9.898475921821818426e-04 1.049618087877961410e-03
1.100000000000000000e+02 9.898876754721942957e-04 1.049669791625065882e-03
1.140000000000000000e+02 9.893398951581499658e-04 1.049366923825968342e-03
1.180000000000000000e+02 9.889641419838911696e-04 1.049705756261515603e-03
1.220000000000000000e+02 9.888951546108662623e-04 1.049643461683282594e-03
1.260000000000000000e+02 9.896754914973646990e-04 1.049667364550560533e-03
1.300000000000000000e+02 9.895061120587707055e-04 1.049918969893674650e-03
1.340000000000000000e+02 9.907636973982773387e-04 1.049657067941432275e-03
1.380000000000000000e+02 9.895887056763903820e-04 1.049733189390724417e-03
1.420000000000000000e+02 9.895474456440146553e-04 1.049963245368296973e-03
1.460000000000000000e+02 9.892254555568188740e-04 1.049438705997556617e-03
1.500000000000000000e+02 9.890108445185414893e-04 1.050082097807006343e-03
1.540000000000000000e+02 9.893284953291646595e-04 1.049259618309515436e-03
1.580000000000000000e+02 9.893456318425342209e-04 1.049477833161710462e-03
1.620000000000000000e+02 9.892629646729501122e-04 1.049825932550297073e-03
1.660000000000000000e+02 9.884443831955232705e-04 1.050154762535654819e-03
1.700000000000000000e+02 9.881164357725920940e-04 1.050060474902188117e-03
1.740000000000000000e+02 9.876041052656267267e-04 1.049922941447560109e-03
1.780000000000000000e+02 9.884640938726053146e-04 1.049722745693696356e-03
1.820000000000000000e+02 9.878827759910030482e-04 1.049456283799749586e-03
1.860000000000000000e+02 9.881209221585200014e-04 1.049425982314988130e-03
1.900000000000000000e+02 9.882913312675939508e-04 1.049878224677321852e-03
1.940000000000000000e+02 9.879677231283709535e-04 1.049993032021786198e-03
1.980000000000000000e+02 9.879866983449497354e-04 1.049600583616915354e-03
2.020000000000000000e+02 9.872937356461173545e-04 1.049404874242861139e-03
2.060000000000000000e+02 9.873093276624471046e-04 1.050089599629180437e-03
2.100000000000000000e+02 9.875521073210553023e-04 1.049326472811024005e-03
2.140000000000000000e+02 9.868726773369525512e-04 1.050211026235731366e-03
2.180000000000000000e+02 9.865937859681219845e-04 1.050185358217457137e-03
2.220000000000000000e+02 9.870920689411138461e-04 1.050079597202181790e-03
2.260000000000000000e+02 9.863010677109206124e-04 1.049788129235027260e-03
2.300000000000000000e+02 9.864066080913812869e-04 1.049724363730341779e-03
2.340000000000000000e+02 9.870802278329339312e-04 1.049874915039684985e-03
2.380000000000000000e+02 9.868015570974248730e-04 1.049892125116704293e-03
2.420000000000000000e+02 9.870461018792792054e-04 1.050220366737172895e-03
2.460000000000000000e+02 9.874509797879753217e-04 1.050409971684732871e-03
2.500000000000000000e+02 9.865008957263324794e-04 1.049697592514737404e-03
2.540000000000000000e+02 9.868387720363704617e-04 1.049964495677914531e-03
2.580000000000000000e+02 9.872752017332977331e-04 1.049704579492842646e-03
2.620000000000000000e+02 9.862240636907271263e-04 1.050039955204165988e-03
2.660000000000000000e+02 9.874862824861864452e-04 1.050473369461058870e-03
2.700000000000000000e+02 9.871189872618282152e-04 1.050003622836802189e-03
2.740000000000000000e+02 9.875148188361487257e-04 1.050260597113178039e-03
2.780000000000000000e+02 9.876980987199976327e-04 1.050300386200562087e-03
2.820000000000000000e+02 9.867040333824237015e-04 1.049314705247152753e-03
2.860000000000000000e+02 9.866048180685986230e-04 1.049935959319997676e-03
2.900000000000000000e+02 9.874295775292752254e-04 1.048956529872761964e-03
2.940000000000000000e+02 9.871297251674235069e-04 1.050179033154178664e-03
2.980000000000000000e+02 9.873430123496301173e-04 1.050304284207157109e-03
3.020000000000000000e+02 9.873597811292790342e-04 1.050824925565483313e-03
3.060000000000000000e+02 9.871056751886069045e-04 1.050765719984183113e-03
3.100000000000000000e+02 9.872410757811476631e-04 1.050800507862063556e-03
3.140000000000000000e+02 9.875770398568059060e-04 1.050106662605327030e-03
3.180000000000000000e+02 9.874697343436082079e-04 1.049972880058931256e-03
3.220000000000000000e+02 9.872966039944075772e-04 1.050027819899782651e-03
3.260000000000000000e+02 9.866618907725395026e-04 1.050294502419183741e-03
3.300000000000000000e+02 9.876389666901340750e-04 1.050367976172158265e-03
3.340000000000000000e+02 9.866996205340925960e-04 1.049590066346469102e-03
3.380000000000000000e+02 9.874983442460202095e-04 1.050130639026996713e-03
3.420000000000000000e+02 9.876619134507797805e-04 1.051382119943220514e-03
3.460000000000000000e+02 9.876663262906959593e-04 1.049734292600594228e-03
3.500000000000000000e+02 9.874759858704098593e-04 1.050118430170005361e-03
3.540000000000000000e+02 9.872669644320822540e-04 1.049735542904460745e-03
3.580000000000000000e+02 9.877458309203947153e-04 1.050432109420901608e-03
3.620000000000000000e+02 9.874203105580726687e-04 1.050295752730387271e-03
3.660000000000000000e+02 9.871583350579327034e-04 1.050259126160004754e-03
3.700000000000000000e+02 9.873945689988612110e-04 1.050843385939092189e-03
3.740000000000000000e+02 9.875585059445264342e-04 1.050047383476703433e-03
3.780000000000000000e+02 9.872793203810927270e-04 1.049868295804773279e-03
3.820000000000000000e+02 9.876628695615588711e-04 1.050120048214089712e-03
3.860000000000000000e+02 9.876582360799205686e-04 1.050972976289220534e-03
3.900000000000000000e+02 9.874532597445564910e-04 1.049856160488047817e-03
3.940000000000000000e+02 9.873188888186777788e-04 1.050374154151210212e-03
3.980000000000000000e+02 9.874436986042139323e-04 1.050489696955577172e-03
4.020000000000000000e+02 9.875579911104641166e-04 1.050987097375180373e-03
4.060000000000000000e+02 9.872272488879781788e-04 1.050598105674540976e-03
4.100000000000000000e+02 9.875089350544223512e-04 1.050324877456707169e-03
4.140000000000000000e+02 9.872832183824670985e-04 1.050745347385231756e-03
4.180000000000000000e+02 9.870057244140838411e-04 1.050621861471701547e-03
4.220000000000000000e+02 9.870667686719188528e-04 1.050524705473243354e-03
4.260000000000000000e+02 9.874206782978837103e-04 1.050244563804854456e-03
4.300000000000000000e+02 9.869145992947511714e-04 1.050229854335824487e-03
4.340000000000000000e+02 9.873438949178684441e-04 1.050849784558684913e-03
4.380000000000000000e+02 9.862682656087463657e-04 1.050775207590013208e-03
4.420000000000000000e+02 9.872846893353433122e-04 1.050626274311823507e-03
4.460000000000000000e+02 9.871116325319219571e-04 1.050482562883139123e-03
4.500000000000000000e+02 9.871328876997279012e-04 1.050091438311077496e-03
4.540000000000000000e+02 9.880368575949365507e-04 1.050124681694079593e-03
4.580000000000000000e+02 9.876803002678250388e-04 1.050942086422375354e-03
4.620000000000000000e+02 9.876406582735204609e-04 1.050313918902268931e-03
4.660000000000000000e+02 9.879144013344295580e-04 1.050474031389881605e-03
4.700000000000000000e+02 9.875841739570632820e-04 1.050475722971198466e-03
4.740000000000000000e+02 9.871946674312238358e-04 1.050800507854215667e-03
4.780000000000000000e+02 9.879563233025122695e-04 1.051028945773399993e-03
4.820000000000000000e+02 9.872059937181944331e-04 1.050334144415323006e-03
4.860000000000000000e+02 9.877167797343344192e-04 1.050844636250408042e-03
4.900000000000000000e+02 9.878001088330062417e-04 1.051103816944447700e-03
4.940000000000000000e+02 9.871792960459164351e-04 1.050693275889325387e-03
4.980000000000000000e+02 9.868667935518519226e-04 1.051279006618680879e-03
5.020000000000000000e+02 9.877481108855467196e-04 1.051232009892909660e-03
5.060000000000000000e+02 9.875938086478903370e-04 1.050656134516364049e-03
5.100000000000000000e+02 9.876471304472150131e-04 1.051418452303134543e-03
5.140000000000000000e+02 9.869913826922017096e-04 1.050831544830455825e-03
5.180000000000000000e+02 9.880630404435339006e-04 1.051095873829018413e-03
5.220000000000000000e+02 9.886363416582218816e-04 1.051026224542121702e-03
5.260000000000000000e+02 9.873780208677416896e-04 1.050685847618569287e-03
5.300000000000000000e+02 9.874247233972355438e-04 1.050278395555738313e-03
5.340000000000000000e+02 9.870847142162898942e-04 1.051055055068748998e-03
5.380000000000000000e+02 9.874534068481204130e-04 1.051383958626484318e-03
5.420000000000000000e+02 9.880920180695708897e-04 1.050783077155308196e-03
5.460000000000000000e+02 9.874214873243137604e-04 1.050542503926205464e-03
5.500000000000000000e+02 9.874373735283244538e-04 1.050853682564746290e-03
5.540000000000000000e+02 9.873533825139999172e-04 1.050805214888299137e-03
5.580000000000000000e+02 9.879296256232919082e-04 1.051102419541968163e-03
5.620000000000000000e+02 9.876727984549108982e-04 1.050906489527621453e-03
5.660000000000000000e+02 9.880756170207304501e-04 1.050768735420923696e-03
5.700000000000000000e+02 9.873516909141494876e-04 1.050910902365616425e-03
5.740000000000000000e+02 9.881610789918184989e-04 1.050595384437356603e-03
5.780000000000000000e+02 9.877799568683064222e-04 1.050696217787748825e-03
5.820000000000000000e+02 9.879974362422918634e-04 1.050222278964879370e-03
5.860000000000000000e+02 9.875415165175277336e-04 1.050859125062184041e-03
5.900000000000000000e+02 9.871555402650193309e-04 1.050808818716289072e-03
5.940000000000000000e+02 9.879969949544294919e-04 1.051783467577444573e-03
5.980000000000000000e+02 9.879575736033256728e-04 1.052031542637019666e-03
6.020000000000000000e+02 9.872702740618486805e-04 1.051238702697906502e-03
6.060000000000000000e+02 9.879876544465018319e-04 1.051928135116930165e-03
6.100000000000000000e+02 9.876036639754896991e-04 1.051600776071609511e-03
6.140000000000000000e+02 9.884222454609791018e-04 1.050583984591948669e-03
6.180000000000000000e+02 9.885850791843146454e-04 1.050857065739551049e-03
6.220000000000000000e+02 9.882080021684856285e-04 1.050884057604628725e-03
6.260000000000000000e+02 9.885525712824364680e-04 1.050844783340196525e-03
6.300000000000000000e+02 9.875972653686549991e-04 1.051550101988369410e-03
6.340000000000000000e+02 9.876224920936696981e-04 1.051346890771953039e-03
6.380000000000000000e+02 9.878132737933813419e-04 1.051138016443823155e-03
6.420000000000000000e+02 9.884389407003298187e-04 1.051110068472548443e-03
6.460000000000000000e+02 9.884610048938541425e-04 1.051781334695059758e-03
6.500000000000000000e+02 9.885236671918018556e-04 1.051745811360584818e-03
6.540000000000000000e+02 9.880323712143359791e-04 1.051144488597029105e-03
6.580000000000000000e+02 9.885838288869537756e-04 1.051414554295762799e-03
6.620000000000000000e+02 9.884311446939698150e-04 1.051975058293098128e-03
6.660000000000000000e+02 9.885738264416594340e-04 1.051582315697421454e-03
6.700000000000000000e+02 9.882282276810015059e-04 1.051302247561619911e-03
6.740000000000000000e+02 9.885332283448265440e-04 1.051803104698548251e-03
6.780000000000000000e+02 9.889295747522136408e-04 1.051475966294754998e-03
6.820000000000000000e+02 9.883765725864214306e-04 1.052071920092749729e-03
6.860000000000000000e+02 9.888635292788783022e-04 1.051803398887163994e-03
6.900000000000000000e+02 9.885870649689650763e-04 1.052074935529639281e-03
6.940000000000000000e+02 9.884279085931608338e-04 1.052091777865324027e-03
6.980000000000000000e+02 9.888480843291331569e-04 1.052030512962191192e-03
7.020000000000000000e+02 9.888005727858111514e-04 1.051755004765457481e-03
7.060000000000000000e+02 9.889583317583190182e-04 1.051678074289929361e-03
7.100000000000000000e+02 9.886328113852054737e-04 1.050616492508348867e-03
7.140000000000000000e+02 9.892028765293859726e-04 1.051041890116870140e-03
7.180000000000000000e+02 9.887397491689067959e-04 1.051460889102853562e-03
7.220000000000000000e+02 9.889375914129997988e-04 1.051542379509030900e-03
7.260000000000000000e+02 9.889879713123233065e-04 1.051657775231543569e-03
7.300000000000000000e+02 9.884590191103629405e-04 1.051384914743259047e-03
7.340000000000000000e+02 9.896626207259021958e-04 1.051783835309051890e-03
7.380000000000000000e+02 9.889901777406164170e-04 1.050938850339640457e-03
7.420000000000000000e+02 9.892173653457867442e-04 1.051191558874006466e-03
7.460000000000000000e+02 9.890427640494949858e-04 1.051764933654285132e-03
7.500000000000000000e+02 9.887065793320862130e-04 1.051257457260337987e-03
7.540000000000000000e+02 9.890972626057845368e-04 1.051322031789931515e-03
7.580000000000000000e+02 9.889177336430297546e-04 1.052502466007120560e-03
7.620000000000000000e+02 9.885189601567272080e-04 1.051670498911852361e-03
7.660000000000000000e+02 9.892131731499228565e-04 1.051856058752911926e-03
7.700000000000000000e+02 9.896997620988268879e-04 1.051421909035805046e-03
7.740000000000000000e+02 9.895555358440891874e-04 1.051539584716611056e-03
7.780000000000000000e+02 9.894791937514163093e-04 1.052449585502106440e-03
7.820000000000000000e+02 9.888923598249776525e-04 1.052130463744570818e-03
7.860000000000000000e+02 9.895998848680075035e-04 1.051651817896189162e-03
7.900000000000000000e+02 9.891148404077810489e-04 1.052620803623365324e-03
7.940000000000000000e+02 9.896056215648017535e-04 1.051826198542723341e-03
7.980000000000000000e+02 9.889606117181755623e-04 1.051879520334805763e-03
8.020000000000000000e+02 9.892827488948707781e-04 1.051373514905269224e-03
8.060000000000000000e+02 9.902117248796588576e-04 1.051912101811132557e-03
8.100000000000000000e+02 9.900417570593395781e-04 1.052773414282043253e-03
8.140000000000000000e+02 9.891513198731537518e-04 1.051737721144589644e-03
8.180000000000000000e+02 9.896321721352175933e-04 1.052353459175906294e-03
8.220000000000000000e+02 9.896350404850150738e-04 1.052440759817173561e-03
8.260000000000000000e+02 9.895680388872782948e-04 1.052012861605654617e-03
8.300000000000000000e+02 9.894033664741472799e-04 1.052432963809337091e-03
8.340000000000000000e+02 9.894947857794801627e-04 1.052499082831387725e-03
8.380000000000000000e+02 9.899358489440120406e-04 1.052158191086535353e-03
8.420000000000000000e+02 9.898737750277334518e-04 1.052656915342637745e-03
8.460000000000000000e+02 9.896767418075564510e-04 1.052099868071367092e-03
8.500000000000000000e+02 9.903899299936278367e-04 1.051960422383986299e-03
8.540000000000000000e+02 9.895504610816870019e-04 1.052616758516280527e-03
8.580000000000000000e+02 9.896308482878095943e-04 1.051951008329181066e-03
8.620000000000000000e+02 9.903498467145541162e-04 1.052066551133923810e-03
8.660000000000000000e+02 9.906207949830999650e-04 1.052815703981669964e-03
8.700000000000000000e+02 9.900921369733644336e-04 1.052366256404935370e-03
8.740000000000000000e+02 9.906014520427658746e-04 1.052558729701860880e-03
8.780000000000000000e+02 9.906621285659146514e-04 1.051806193693568094e-03
8.820000000000000000e+02 9.903783830724815964e-04 1.052894620228068305e-03
8.860000000000000000e+02 9.899674007435713737e-04 1.052980964764564263e-03
8.900000000000000000e+02 9.905786523637558853e-04 1.052702882409901636e-03
8.940000000000000000e+02 9.904439872651200558e-04 1.052502245370967550e-03
8.980000000000000000e+02 9.904324403342968774e-04 1.052647133552747291e-03
9.020000000000000000e+02 9.909563177840888422e-04 1.052163265847042136e-03
9.060000000000000000e+02 9.907577400655339078e-04 1.052932202898656990e-03
9.100000000000000000e+02 9.904070665229158712e-04 1.052411120249786966e-03
9.140000000000000000e+02 9.905552643276890282e-04 1.052465030432353727e-03
9.180000000000000000e+02 9.909202060469786931e-04 1.052977875779410877e-03
9.220000000000000000e+02 9.905307730811185353e-04 1.052503275027721506e-03
9.260000000000000000e+02 9.913406759802874304e-04 1.053090697334891452e-03
9.300000000000000000e+02 9.911469523864815685e-04 1.052584618336192433e-03
9.340000000000000000e+02 9.907143471498888743e-04 1.052139804260430285e-03
9.380000000000000000e+02 9.914739436851459625e-04 1.052345736706993906e-03
9.420000000000000000e+02 9.912063050651271408e-04 1.052971035880266408e-03
9.460000000000000000e+02 9.908796814737232204e-04 1.052646103881282229e-03
9.500000000000000000e+02 9.910685509637970521e-04 1.052386849638851886e-03
9.540000000000000000e+02 9.905205499995315375e-04 1.052468413609435527e-03
9.580000000000000000e+02 9.915267506496671605e-04 1.053020606758657638e-03
9.620000000000000000e+02 9.908329053970460487e-04 1.052933526756942139e-03
9.660000000000000000e+02 9.914761501029587410e-04 1.051853190417260464e-03
9.700000000000000000e+02 9.913892172033293964e-04 1.053085254849104322e-03
9.740000000000000000e+02 9.914922569698755676e-04 1.053276183640244629e-03
9.780000000000000000e+02 9.920270194118383823e-04 1.052868290300304184e-03
9.820000000000000000e+02 9.922835523939251435e-04 1.053413349355138574e-03
9.860000000000000000e+02 9.907684044148797834e-04 1.052756939679594947e-03
9.900000000000000000e+02 9.917167968856060219e-04 1.053007883080045405e-03
9.940000000000000000e+02 9.914482021339990174e-04 1.053154315751624439e-03
9.980000000000000000e+02 9.917960073245516393e-04 1.053063484834197011e-03
1.002000000000000000e+03 9.918252791657725283e-04 1.052332645278296732e-03
1.006000000000000000e+03 9.912940469924090819e-04 1.052896532466153848e-03
1.010000000000000000e+03 9.923776193955661032e-04 1.052908447126961944e-03
1.014000000000000000e+03 9.913785528420841851e-04 1.052960003775512375e-03
1.018000000000000000e+03 9.921471956979338504e-04 1.052670668684058336e-03
1.022000000000000000e+03 9.914687218250070079e-04 1.053084666470177361e-03
1.026000000000000000e+03 9.921826455040376816e-04 1.053326122256685506e-03
1.030000000000000000e+03 9.924963982909243768e-04 1.051965423597150603e-03
1.034000000000000000e+03 9.926140739819676404e-04 1.053438870268523552e-03
1.038000000000000000e+03 9.921635231991117552e-04 1.052623010045576710e-03
1.042000000000000000e+03 9.918632295611330696e-04 1.053374663475114843e-03
1.046000000000000000e+03 9.917979931036756749e-04 1.053160052454552454e-03
1.050000000000000000e+03 9.914701927792683982e-04 1.053307735421660490e-03
1.054000000000000000e+03 9.923226795541528755e-04 1.052862627160859599e-03
1.058000000000000000e+03 9.922770802339125722e-04 1.053003543788717019e-03
1.062000000000000000e+03 9.924191736283868685e-04 1.052896900199053968e-03
1.066000000000000000e+03 9.924747753784846430e-04 1.053003690886606010e-03
1.070000000000000000e+03 9.923179725375547676e-04 1.052778783216978126e-03
1.074000000000000000e+03 9.927271897398845003e-04 1.052383098735109766e-03
1.078000000000000000e+03 9.920764431838829771e-04 1.054213985297746195e-03
1.082000000000000000e+03 9.923219440866250674e-04 1.052824750281720380e-03
1.086000000000000000e+03 9.931267722196970328e-04 1.053146740386172757e-03
1.090000000000000000e+03 9.924176291322514987e-04 1.053595599577691368e-03
1.094000000000000000e+03 9.920889462291448621e-04 1.053211682659261879e-03
1.098000000000000000e+03 9.931525137715617197e-04 1.053298615562099595e-03
1.102000000000000000e+03 9.925667095069294014e-04 1.052981700230849575e-03
1.106000000000000000e+03 9.933861000159668279e-04 1.053047525073806581e-03
1.110000000000000000e+03 9.930899985691075613e-04 1.053248676938764493e-03
1.114000000000000000e+03 9.931241980700926224e-04 1.053470789802750038e-03
1.118000000000000000e+03 9.932658501645473884e-04 1.052931173236795791e-03
1.122000000000000000e+03 9.928472924692639118e-04 1.053763949359092303e-03
1.126000000000000000e+03 9.930313813708993922e-04 1.053605087176450079e-03
1.130000000000000000e+03 9.932078213469395372e-04 1.053305896750772420e-03
1.134000000000000000e+03 9.926887244882378822e-04 1.053258752932768275e-03
1.138000000000000000e+03 9.935732043564141514e-04 1.053207637547920938e-03
1.142000000000000000e+03 9.933403535922259199e-04 1.053761154560272414e-03
1.146000000000000000e+03 9.930006385905931245e-04 1.054048430323493556e-03
1.150000000000000000e+03 9.932214276009133057e-04 1.053277507493141944e-03
1.154000000000000000e+03 9.936553566789795098e-04 1.053946787943967284e-03
1.158000000000000000e+03 9.926815903958643907e-04 1.053147402320527741e-03
1.162000000000000000e+03 9.936735228724428645e-04 1.053163582726448014e-03
1.166000000000000000e+03 9.932532735755427930e-04 1.053346127123108624e-03
1.170000000000000000e+03 9.938726889646750523e-04 1.053156154433782790e-03
1.174000000000000000e+03 9.931116950191707683e-04 1.053547793827257131e-03
1.178000000000000000e+03 9.931111801972100986e-04 1.053723645444125563e-03
1.182000000000000000e+03 9.937786219710667297e-04 1.053800208174529183e-03
1.186000000000000000e+03 9.937759007138144245e-04 1.053888317835509000e-03
1.190000000000000000e+03 9.936029910070352279e-04 1.054010038627698235e-03
1.194000000000000000e+03 9.931522195835815366e-04 1.053496678448966831e-03
1.198000000000000000e+03 9.929863704190619155e-04 1.054078437623945722e-03
1.202000000000000000e+03 9.931475125609669739e-04 1.053800649452642409e-03
1.206000000000000000e+03 9.938226768009461240e-04 1.053630902282853745e-03
1.210000000000000000e+03 9.934197111209335657e-04 1.053977530723860254e-03
1.214000000000000000e+03 9.937948759147522890e-04 1.053832936722319709e-03
1.218000000000000000e+03 9.933403535870935237e-04 1.053830950945235274e-03
1.222000000000000000e+03 9.941458436489815018e-04 1.054039457553861223e-03
1.226000000000000000e+03 9.946937710557108691e-04 1.053667602387406768e-03
1.230000000000000000e+03 9.931820797961573178e-04 1.053332888608820997e-03
1.234000000000000000e+03 9.935346655699185334e-04 1.053599497593728489e-03
1.238000000000000000e+03 9.934269187644396894e-04 1.053387975535529557e-03
1.242000000000000000e+03 9.939557238711250759e-04 1.053689593024801155e-03
1.246000000000000000e+03 9.935253986089855396e-04 1.053772554388773949e-03
1.250000000000000000e+03 9.932079684407968140e-04 1.053665837256026732e-03
1.254000000000000000e+03 9.934567054166090067e-04 1.053292731785161057e-03
1.258000000000000000e+03 9.946764874448946712e-04 1.053881036667224163e-03
1.262000000000000000e+03 9.938363566004148903e-04 1.053810284153395551e-03
1.266000000000000000e+03 9.932951955486787540e-04 1.053699227721902054e-03
1.270000000000000000e+03 9.932025994974088504e-04 1.053808445475847011e-03
1.274000000000000000e+03 9.934783283329277990e-04 1.054215750441905072e-03
1.278000000000000000e+03 9.931085324926547126e-04 1.053920237373757876e-03
1.282000000000000000e+03 9.932489342910917184e-04 1.053725484113788267e-03
1.286000000000000000e+03 9.937025005006018541e-04 1.053856839600901974e-03
1.290000000000000000e+03 9.938347385583911741e-04 1.053995108524323054e-03
1.294000000000000000e+03 9.934008094732941357e-04 1.053539924263844751e-03
1.298000000000000000e+03 9.931509692804622522e-04 1.053886773352303175e-03
1.302000000000000000e+03 9.930104939305732081e-04 1.054209278273091598e-03
1.306000000000000000e+03 9.934779605920555402e-04 1.053646420762665908e-03
1.310000000000000000e+03 9.935197354544399694e-04 1.054237079155228131e-03
1.314000000000000000e+03 9.932278262162865315e-04 1.053809769316435378e-03
1.318000000000000000e+03 9.934907578218422561e-04 1.053666719822563729e-03
1.322000000000000000e+03 9.936141702037986235e-04 1.054146321787550328e-03
1.326000000000000000e+03 9.929398149827314488e-04 1.053594422818981795e-03
1.330000000000000000e+03 9.938231916244604554e-04 1.054019232040912316e-03
1.334000000000000000e+03 9.933266002462104796e-04 1.054207586695136848e-03
1.338000000000000000e+03 9.932078948964116055e-04 1.053861473085292632e-03
1.342000000000000000e+03 9.935430499465932458e-04 1.053687974987177565e-03
1.346000000000000000e+03 9.937033095158605018e-04 1.053429162027219590e-03
1.350000000000000000e+03 9.930481501586613940e-04 1.053788514158063728e-03
1.354000000000000000e+03 9.930529307356568587e-04 1.054192435940740340e-03
1.358000000000000000e+03 9.935142929596251209e-04 1.054146983716811514e-03
1.362000000000000000e+03 9.940289034381967481e-04 1.053398860536267556e-03
1.366000000000000000e+03 9.933739647016378866e-04 1.054826119505615934e-03
1.370000000000000000e+03 9.928083124145985032e-04 1.053974662373544958e-03
1.374000000000000000e+03 9.936451336080460994e-04 1.054179418067419799e-03
1.378000000000000000e+03 9.932197360109941680e-04 1.054926438023415583e-03
1.382000000000000000e+03 9.929520238389098665e-04 1.054226856091782221e-03
1.386000000000000000e+03 9.931877429397199201e-04 1.054325115281947887e-03
1.390000000000000000e+03 9.932887233806623854e-04 1.053751593403700216e-03
1.394000000000000000e+03 9.930758774929447901e-04 1.054469856373644243e-03
1.398000000000000000e+03 9.932684243272268433e-04 1.054215971075875800e-03
1.402000000000000000e+03 9.940551598246493738e-04 1.053598688564356782e-03
1.406000000000000000e+03 9.930054927180876137e-04 1.054386306640908667e-03
1.410000000000000000e+03 9.925108870992870903e-04 1.054131244586851458e-03
1.414000000000000000e+03 9.930355735673192588e-04 1.054529870963073811e-03
1.418000000000000000e+03 9.929741615714408887e-04 1.054402339946753763e-03
1.422000000000000000e+03 9.929889445785147848e-04 1.054544506880359007e-03
1.426000000000000000e+03 9.932334893614494162e-04 1.054253038921389553e-03
1.430000000000000000e+03 9.930746271870920152e-04 1.054495377285557959e-03
1.434000000000000000e+03 9.921976491446080765e-04 1.054547890061288641e-03
1.438000000000000000e+03 9.932614373276680599e-04 1.054209351830782352e-03
1.442000000000000000e+03 9.929071599726153538e-04 1.054447939268787120e-03
1.446000000000000000e+03 9.926871064469403646e-04 1.054626953403637853e-03
1.450000000000000000e+03 9.930318226632056915e-04 1.054585546271571408e-03
1.454000000000000000e+03 9.936695513153774410e-04 1.054375200991681822e-03
1.458000000000000000e+03 9.934044132866139479e-04 1.054108297835131556e-03
1.462000000000000000e+03 9.926399626247596562e-04 1.054883045123412768e-03
1.466000000000000000e+03 9.921350603924179549e-04 1.053878756694180251e-03
1.470000000000000000e+03 9.929732790113518590e-04 1.054319819867250872e-03
1.474000000000000000e+03 9.927707297220770589e-04 1.055108541154297502e-03
1.478000000000000000e+03 9.927760251367879520e-04 1.054420947415583192e-03
1.482000000000000000e+03 9.935524640151615575e-04 1.054447350891316026e-03
1.486000000000000000e+03 9.926997565850479658e-04 1.054459927485277377e-03
1.490000000000000000e+03 9.935607748539217968e-04 1.054178535513326624e-03
1.494000000000000000e+03 9.928177264521042059e-04 1.054229136048175173e-03
1.498000000000000000e+03 9.926500386071889295e-04 1.054049533534892743e-03
1.502000000000000000e+03 9.927221885059902499e-04 1.054391013661476039e-03
1.506000000000000000e+03 9.922762712292038621e-04 1.054990644826653452e-03
1.510000000000000000e+03 9.924007132460768363e-04 1.054315701225483175e-03
1.514000000000000000e+03 9.929871794403181528e-04 1.054776548620998781e-03
1.518000000000000000e+03 9.930624183291339880e-04 1.054799863119345454e-03
1.522000000000000000e+03 9.926335640091739267e-04 1.054342619536447314e-03
1.526000000000000000e+03 9.919688434882605477e-04 1.054434259476894542e-03
1.530000000000000000e+03 9.926107643424191083e-04 1.054019232032692979e-03
1.534000000000000000e+03 9.929357698710125548e-04 1.054791920014450275e-03
1.538000000000000000e+03 9.919313343643208856e-04 1.054699912344144765e-03
1.542000000000000000e+03 9.921601400257177607e-04 1.054794199974033600e-03
1.546000000000000000e+03 9.924293231500030347e-04 1.053916265825509619e-03
1.550000000000000000e+03 9.926393742387079697e-04 1.055129722768192438e-03
1.554000000000000000e+03 9.925539858227285395e-04 1.054481844586436286e-03
1.558000000000000000e+03 9.922781098935704557e-04 1.053997609135098358e-03
1.562000000000000000e+03 9.924839687976999992e-04 1.054862304780248726e-03
1.566000000000000000e+03 9.926892393238939769e-04 1.055378018469150733e-03
1.570000000000000000e+03 9.923581293682552998e-04 1.054549287454485673e-03
1.574000000000000000e+03 9.923972565205471056e-04 1.054239947495699955e-03
1.578000000000000000e+03 9.922524419098441122e-04 1.054493759243544868e-03
1.582000000000000000e+03 9.926393742445171250e-04 1.054791846462619634e-03
1.586000000000000000e+03 9.918883827368647852e-04 1.054299447275434216e-03
1.590000000000000000e+03 9.921821306620717471e-04 1.054560466637379521e-03
1.594000000000000000e+03 9.923171635131222516e-04 1.055062721190916722e-03
1.598000000000000000e+03 9.918551393572039819e-04 1.054570101341850826e-03
1.602000000000000000e+03 9.914671037932324717e-04 1.054908933765063336e-03
1.606000000000000000e+03 9.918043917079434179e-04 1.054615406489143844e-03
1.610000000000000000e+03 9.923269453106804000e-04 1.054929527018040559e-03
1.614000000000000000e+03 9.920801205685334575e-04 1.054731905412801748e-03
1.618000000000000000e+03 9.922672248975914541e-04 1.054573410972995491e-03
1.622000000000000000e+03 9.915113792689808463e-04 1.054470591852864521e-03
1.626000000000000000e+03 9.918571251310904537e-04 1.054240682977116393e-03
1.630000000000000000e+03 9.917670296898830999e-04 1.055009840678971297e-03
1.634000000000000000e+03 9.914914479497232650e-04 1.055081990585614651e-03
1.638000000000000000e+03 9.922426601028594764e-04 1.054518029855164296e-03
1.642000000000000000e+03 9.929471697051775285e-04 1.054982186893683787e-03
1.646000000000000000e+03 9.921127755447749566e-04 1.054775077671249841e-03
1.650000000000000000e+03 9.918644798740875856e-04 1.054969536740981307e-03
1.654000000000000000e+03 9.924112305182159616e-04 1.054980642397238986e-03
1.658000000000000000e+03 9.921894854044996728e-04 1.054731684764420455e-03
1.662000000000000000e+03 9.925921568836352463e-04 1.055363382553394045e-03
1.666000000000000000e+03 9.915621269074442745e-04 1.055408540602890662e-03
1.670000000000000000e+03 9.916893637477665249e-04 1.054605551145075450e-03
1.674000000000000000e+03 9.921010079890740362e-04 1.054815528691795167e-03
1.678000000000000000e+03 9.920704123161446127e-04 1.055343892523320478e-03
1.682000000000000000e+03 9.919889219003345717e-04 1.053911558793130081e-03
1.686000000000000000e+03 9.919603855513626015e-04 1.055220553690480994e-03
1.690000000000000000e+03 9.921039498837439657e-04 1.054990865463087488e-03
1.694000000000000000e+03 9.923413605749430502e-04 1.055372061139361103e-03
1.698000000000000000e+03 9.918318984153560915e-04 1.055513419051460526e-03
1.702000000000000000e+03 9.916064759305325254e-04 1.055125236385447531e-03
1.706000000000000000e+03 9.926420954924622050e-04 1.055211360285256399e-03
1.710000000000000000e+03 9.921210864144603282e-04 1.055012635466174827e-03
1.714000000000000000e+03 9.921708779276180914e-04 1.055168408651205748e-03
1.718000000000000000e+03 9.918159386414679944e-04 1.055170320897726383e-03
1.722000000000000000e+03 9.918054949371085584e-04 1.055195768248709531e-03
1.726000000000000000e+03 9.915766157222885655e-04 1.055413174083891020e-03
1.730000000000000000e+03 9.918093193843444556e-04 1.055877331104702020e-03
1.734000000000000000e+03 9.916168461048013080e-04 1.055510624256687964e-03
1.738000000000000000e+03 9.928444241339396629e-04 1.055295866136984981e-03
1.742000000000000000e+03 9.922931135460544977e-04 1.055417586925945896e-03
1.746000000000000000e+03 9.919419987260951876e-04 1.055639920421381182e-03
1.750000000000000000e+03 9.913065500307455171e-04 1.055205255857513593e-03
1.754000000000000000e+03 9.920507751850350490e-04 1.055038891854262863e-03
1.758000000000000000e+03 9.921078478902466136e-04 1.055051247808670711e-03
1.762000000000000000e+03 9.920373895775465214e-04 1.055087212429836434e-03
1.766000000000000000e+03 9.921463131294340140e-04 1.055504666925293281e-03
1.770000000000000000e+03 9.922907600492293385e-04 1.054652915602929735e-03
1.774000000000000000e+03 9.914169445217337843e-04 1.055365294787999298e-03
1.778000000000000000e+03 9.919900251020761194e-04 1.055428986754019605e-03
1.782000000000000000e+03 9.928644290000388211e-04 1.055513566150750307e-03
1.786000000000000000e+03 9.916388367436999168e-04 1.055518346728932539e-03
1.790000000000000000e+03 9.919934082789191778e-04 1.055733031311472834e-03
1.794000000000000000e+03 9.920215033540659422e-04 1.055664558764314543e-03
1.798000000000000000e+03 9.923598209518962564e-04 1.055431193169052272e-03
1.802000000000000000e+03 9.923958591259720522e-04 1.055689270659900371e-03
1.806000000000000000e+03 9.925525148894354024e-04 1.055167820266047227e-03
1.810000000000000000e+03 9.919786988291079931e-04 1.055560342239174592e-03
1.814000000000000000e+03 9.926871064426339136e-04 1.055370810838418246e-03
1.818000000000000000e+03 9.921164529309777977e-04 1.055314179410466856e-03
1.822000000000000000e+03 9.920985809278666436e-04 1.055462671428546075e-03
1.826000000000000000e+03 9.924453564602619179e-04 1.055427736445203706e-03
1.830000000000000000e+03 9.927143189550158373e-04 1.055674267011036263e-03
1.834000000000000000e+03 9.918603612152179002e-04 1.054859877719632657e-03
1.838000000000000000e+03 9.920844598506289944e-04 1.055507976555043661e-03
1.842000000000000000e+03 9.925247140025895282e-04 1.055452080605140093e-03
1.846000000000000000e+03 9.924351333724728500e-04 1.055287114000998117e-03
1.850000000000000000e+03 9.922852439848684186e-04 1.055320798669492953e-03
1.854000000000000000e+03 9.927794818580290125e-04 1.055880199451629834e-03
1.858000000000000000e+03 9.918977232499723296e-04 1.056213589381367352e-03
1.862000000000000000e+03 9.924790411196323259e-04 1.055808858582088982e-03
1.866000000000000000e+03 9.922728144825785929e-04 1.055582185775228755e-03
1.870000000000000000e+03 9.926060573199901611e-04 1.055527025307281775e-03
1.874000000000000000e+03 9.927786728437866959e-04 1.054987408734100671e-03
1.878000000000000000e+03 9.922702403380736190e-04 1.056270662088570813e-03
1.882000000000000000e+03 9.919746537268320664e-04 1.055707731020380643e-03
1.886000000000000000e+03 9.929131173091086063e-04 1.055289835261030967e-03
1.890000000000000000e+03 9.914594548732840948e-04 1.055625799330854684e-03
1.894000000000000000e+03 9.926914457318049539e-04 1.055148992161599950e-03
1.898000000000000000e+03 9.924591098064274117e-04 1.055933227062540213e-03
1.902000000000000000e+03 9.922431749148695555e-04 1.055969853614118761e-03
1.906000000000000000e+03 9.927877927102955920e-04 1.055372649523361912e-03
1.910000000000000000e+03 9.928098568886699251e-04 1.055320725121857090e-03
1.914000000000000000e+03 9.922417775297331325e-04 1.055126192496940460e-03
1.918000000000000000e+03 9.920168698820516686e-04 1.055942052739533262e-03
1.922000000000000000e+03 9.918595521924674155e-04 1.055675737952719824e-03
1.926000000000000000e+03 9.927120389817665775e-04 1.055258798293136997e-03
1.930000000000000000e+03 9.917866668128921554e-04 1.055745975627553216e-03
1.934000000000000000e+03 9.925481755989088925e-04 1.055568873730418963e-03
1.938000000000000000e+03 9.925208895478025966e-04 1.056021998660176342e-03
1.942000000000000000e+03 9.922608262752496272e-04 1.055992800380123461e-03
1.946000000000000000e+03 9.926510682686157973e-04 1.055652644107283591e-03
1.950000000000000000e+03 9.926506269822114609e-04 1.055586304417007295e-03
1.954000000000000000e+03 9.927656549641357148e-04 1.056066862510949200e-03
1.958000000000000000e+03 9.920902700867218101e-04 1.056264778313193960e-03
1.962000000000000000e+03 9.928111807350156227e-04 1.056097164010563576e-03
1.966000000000000000e+03 9.925714900856177393e-04 1.055996330658292648e-03
1.970000000000000000e+03 9.934156660270365702e-04 1.056288386982862050e-03
1.974000000000000000e+03 9.924660232557057458e-04 1.055715159313374597e-03
1.978000000000000000e+03 9.927883075346430244e-04 1.055570050477392914e-03
1.982000000000000000e+03 9.929721022424442805e-04 1.056047593110666111e-03
1.986000000000000000e+03 9.925697249500114831e-04 1.055732663571766960e-03
1.990000000000000000e+03 9.923615125320417452e-04 1.055892996679029571e-03
1.994000000000000000e+03 9.931386133312796079e-04 1.056160488237443094e-03
1.998000000000000000e+03 9.929904155252830371e-04 1.055574757511315055e-03
2.002000000000000000e+03 9.925832576542607810e-04 1.055540190271442259e-03
2.006000000000000000e+03 9.933664628861810751e-04 1.056346415817318836e-03
2.010000000000000000e+03 9.925970110080692497e-04 1.056039944200083290e-03
2.014000000000000000e+03 9.928247134457265487e-04 1.055656027277726170e-03
2.018000000000000000e+03 9.933246144702826720e-04 1.056280811617499055e-03
2.022000000000000000e+03 9.932965929442057369e-04 1.056382821730614784e-03
2.026000000000000000e+03 9.935678353950345033e-04 1.055589466968420102e-03
2.030000000000000000e+03 9.924773495454163388e-04 1.056824399734056013e-03
2.034000000000000000e+03 9.933344698029166354e-04 1.055723470156466441e-03
2.038000000000000000e+03 9.934487623066154752e-04 1.056344062303975857e-03
2.042000000000000000e+03 9.929963728581652459e-04 1.056580296234576905e-03
2.046000000000000000e+03 9.932106896970637963e-04 1.055605500275370000e-03
2.050000000000000000e+03 9.935067911394366343e-04 1.056068407003051121e-03
2.054000000000000000e+03 9.926292247167181875e-04 1.056394515746175797e-03
2.058000000000000000e+03 9.936856581771959154e-04 1.055972721964363367e-03
2.062000000000000000e+03 9.927697000727965081e-04 1.056140115632278609e-03
2.066000000000000000e+03 9.927268955406427092e-04 1.055912633818404441e-03
2.070000000000000000e+03 9.925496465423260927e-04 1.056082601641439214e-03
2.074000000000000000e+03 9.930222614983287219e-04 1.055956394457872654e-03
2.078000000000000000e+03 9.932086303712315406e-04 1.056227784016867998e-03
2.082000000000000000e+03 9.933386619982839585e-04 1.056640605018170078e-03
2.086000000000000000e+03 9.929345195701028744e-04 1.056587062586805854e-03
2.090000000000000000e+03 9.934303754803343323e-04 1.056334059867975730e-03
2.094000000000000000e+03 9.934192698464485143e-04 1.055718468931476526e-03
2.098000000000000000e+03 9.933952198748136671e-04 1.056285665743527703e-03
2.102000000000000000e+03 9.939679327220455468e-04 1.056923615047577081e-03
2.106000000000000000e+03 9.938838681503442407e-04 1.056075908832888139e-03
2.110000000000000000e+03 9.934214027135742676e-04 1.055914104761747482e-03
2.114000000000000000e+03 9.933212312925993569e-04 1.056767621222577842e-03
2.118000000000000000e+03 9.931545731107814870e-04 1.056414079324531413e-03
2.122000000000000000e+03 9.938864423107271386e-04 1.056159385023442039e-03
2.126000000000000000e+03 9.926249589710853770e-04 1.057277524675551833e-03
2.130000000000000000e+03 9.940973759774444831e-04 1.055754874855209437e-03
2.134000000000000000e+03 9.931187555634985679e-04 1.056389367433592042e-03
2.138000000000000000e+03 9.935348126562722638e-04 1.056823517174215700e-03
2.142000000000000000e+03 9.937229466569891777e-04 1.056279634856999898e-03
2.146000000000000000e+03 9.938609213921566383e-04 1.056266616983954311e-03
2.150000000000000000e+03 9.934419959641146384e-04 1.057009297652056678e-03
2.154000000000000000e+03 9.941556254408107259e-04 1.055980517979782964e-03
2.158000000000000000e+03 9.933623442399262989e-04 1.055963381470968786e-03
2.162000000000000000e+03 9.941794547684323132e-04 1.056500056121806351e-03
2.166000000000000000e+03 9.938940176793208386e-04 1.057014960798465745e-03
2.170000000000000000e+03 9.938131891959166037e-04 1.056389293888920821e-03
2.174000000000000000e+03 9.939094626145712850e-04 1.056559261697432705e-03
2.178000000000000000e+03 9.943410381933002334e-04 1.056743791883683154e-03
2.182000000000000000e+03 9.934728122779703813e-04 1.056377526320410485e-03
2.186000000000000000e+03 9.938461383863224190e-04 1.056553157283300973e-03
2.190000000000000000e+03 9.943896529543846084e-04 1.056058478119336133e-03
2.194000000000000000e+03 9.938018629066633271e-04 1.057107336222185565e-03
2.198000000000000000e+03 9.940771504730505810e-04 1.056045239611829757e-03
2.202000000000000000e+03 9.939780086958729770e-04 1.056279487764173047e-03
2.206000000000000000e+03 9.942021073289567228e-04 1.056051123384339546e-03
2.210000000000000000e+03 9.947471663905214055e-04 1.057176617766967738e-03
2.214000000000000000e+03 9.941630537114083156e-04 1.056431877771367130e-03
2.218000000000000000e+03 9.940347872251411709e-04 1.056550068308929110e-03
2.222000000000000000e+03 9.934326554551533000e-04 1.057409468542761704e-03
2.226000000000000000e+03 9.945511628255002470e-04 1.056707459531454384e-03
2.230000000000000000e+03 9.951874940938038733e-04 1.055604838359166945e-03
2.234000000000000000e+03 9.942438822059414521e-04 1.056840212415707716e-03
2.238000000000000000e+03 9.943264022724111490e-04 1.056507999241193410e-03
2.242000000000000000e+03 9.950014929690773665e-04 1.057059383368129076e-03
2.246000000000000000e+03 9.940748705007851262e-04 1.056489612413378989e-03
2.250000000000000000e+03 9.941765864206531834e-04 1.056757103957013970e-03
2.254000000000000000e+03 9.943439800838408706e-04 1.057329228432683657e-03
2.258000000000000000e+03 9.936833046696161211e-04 1.057213979806003465e-03
2.262000000000000000e+03 9.945104176301675265e-04 1.056859923075382677e-03
2.266000000000000000e+03 9.950863665549830421e-04 1.056767547679821322e-03
2.270000000000000000e+03 9.953641547163398842e-04 1.057144918884587656e-03
2.274000000000000000e+03 9.949092646461812559e-04 1.057634081992370797e-03
2.278000000000000000e+03 9.943305944698228437e-04 1.057045924215725598e-03
2.282000000000000000e+03 9.948225523725312026e-04 1.057477867514705931e-03
2.286000000000000000e+03 9.938435642273958214e-04 1.056822413969005572e-03
2.290000000000000000e+03 9.942102710924407422e-04 1.056320821354463525e-03
2.294000000000000000e+03 9.943613372420836809e-04 1.056998853937653193e-03
2.298000000000000000e+03 9.948068132609219193e-04 1.056699001589717427e-03
2.302000000000000000e+03 9.953793054592965407e-04 1.057435872021474576e-03
2.306000000000000000e+03 9.943553063591374294e-04 1.057528835809976855e-03
2.310000000000000000e+03 9.943063974073166125e-04 1.056145925859974062e-03
2.314000000000000000e+03 9.944711433635354796e-04 1.057271861527772335e-03
2.318000000000000000e+03 9.946163992950369549e-04 1.056951783668087872e-03
2.322000000000000000e+03 9.949396396819424216e-04 1.056656638334583110e-03
2.326000000000000000e+03 9.945085789447240428e-04 1.057423074788397957e-03
2.330000000000000000e+03 9.943527322184831079e-04 1.057258328826268671e-03
2.334000000000000000e+03 9.945507215474991281e-04 1.057124914022948472e-03
2.338000000000000000e+03 9.946757519602514308e-04 1.057329081328981608e-03
2.342000000000000000e+03 9.942397635493954288e-04 1.057088287466237094e-03
2.346000000000000000e+03 9.952025712992550177e-04 1.056910964910870269e-03
2.350000000000000000e+03 9.947565804515022536e-04 1.056985909613006314e-03
2.354000000000000000e+03 9.944968849282856925e-04 1.056957961629194104e-03
2.358000000000000000e+03 9.947590810538986267e-04 1.056169166809325932e-03
2.362000000000000000e+03 9.946398608732928606e-04 1.057108807157882161e-03
2.366000000000000000e+03 9.949579529632674151e-04 1.057439770026127141e-03
2.370000000000000000e+03 9.939566064392276606e-04 1.057534204762402511e-03
2.374000000000000000e+03 9.940059566747477295e-04 1.057880097730570573e-03
2.378000000000000000e+03 9.943030142402424325e-04 1.057322167888794743e-03
2.382000000000000000e+03 9.942642548046863767e-04 1.057127782357465857e-03
2.386000000000000000e+03 9.944255440441235067e-04 1.056721139319887707e-03
2.390000000000000000e+03 9.950925445229112914e-04 1.057316504744563405e-03
2.394000000000000000e+03 9.942741836852621654e-04 1.056747984087188065e-03
2.398000000000000000e+03 9.949061021190916572e-04 1.057124914018050263e-03
2.402000000000000000e+03 9.948521183922459394e-04 1.057670046625991400e-03
2.406000000000000000e+03 9.944402534961455965e-04 1.057659529375106107e-03
2.410000000000000000e+03 9.946936974962979679e-04 1.057390272691086141e-03
2.414000000000000000e+03 9.939851427941172064e-04 1.057229571836052926e-03
2.418000000000000000e+03 9.950949715877921778e-04 1.057079167591872936e-03
2.422000000000000000e+03 9.950264990453024615e-04 1.057357323494426430e-03
2.426000000000000000e+03 9.946091916529871315e-04 1.056999589416615865e-03
2.430000000000000000e+03 9.951604286892264031e-04 1.056974142046792102e-03
2.434000000000000000e+03 9.946487601010254101e-04 1.057139035101792258e-03
2.438000000000000000e+03 9.949280927557915041e-04 1.057089096489956855e-03
2.442000000000000000e+03 9.948887449529029460e-04 1.057780735318668720e-03
2.446000000000000000e+03 9.944323103906213632e-04 1.057342614041782008e-03
2.450000000000000000e+03 9.941590821564174046e-04 1.057635920679032924e-03
2.454000000000000000e+03 9.952719999466836612e-04 1.057286203259795660e-03
2.458000000000000000e+03 9.946560412816716698e-04 1.056610965467687279e-03
2.462000000000000000e+03 9.945546195490983631e-04 1.057136681596567351e-03
2.466000000000000000e+03 9.948892597790978589e-04 1.057623785380945331e-03
2.470000000000000000e+03 9.948421895128794698e-04 1.057492062148555120e-03
2.474000000000000000e+03 9.939719778267594105e-04 1.057358941550643871e-03
2.478000000000000000e+03 9.946108096988220352e-04 1.056972082727523823e-03
2.482000000000000000e+03 9.947600371703398548e-04 1.056883973049353763e-03
2.486000000000000000e+03 9.954548385361658511e-04 1.057872890086313531e-03
2.490000000000000000e+03 9.950970309144347662e-04 1.057335627054584865e-03
2.494000000000000000e+03 9.948001204541253011e-04 1.057614959695762653e-03
2.498000000000000000e+03 9.945291721935997295e-04 1.057098951810383136e-03
2.502000000000000000e+03 9.935276050240886801e-04 1.057541927230884037e-03
2.506000000000000000e+03 9.948838908273088463e-04 1.057837513838111006e-03
2.510000000000000000e+03 9.943581747109736437e-04 1.057161319938830025e-03
2.514000000000000000e+03 9.938960034631589852e-04 1.057507212896886166e-03
2.518000000000000000e+03 9.951827135226284059e-04 1.057464776100443607e-03
2.522000000000000000e+03 9.945794785442721268e-04 1.057793679651964280e-03
2.526000000000000000e+03 9.954217422584769274e-04 1.057014004680545448e-03
2.530000000000000000e+03 9.948380708590001502e-04 1.057331287749571245e-03
2.534000000000000000e+03 9.949506717820348189e-04 1.057545016218582696e-03
2.538000000000000000e+03 9.951340252013732724e-04 1.057345555935079772e-03
2.542000000000000000e+03 9.946971542291543032e-04 1.057935405293376849e-03
2.546000000000000000e+03 9.951172564179695465e-04 1.057971884765428888e-03
2.550000000000000000e+03 9.950789382778117177e-04 1.058030428418733817e-03
2.554000000000000000e+03 9.945530750572954652e-04 1.058039106994531926e-03
2.558000000000000000e+03 9.954507198933863765e-04 1.056839918218212358e-03
2.562000000000000000e+03 9.949739127333039924e-04 1.057543471721925175e-03
2.566000000000000000e+03 9.942991162223892721e-04 1.057351880985198849e-03
2.570000000000000000e+03 9.945717560742124361e-04 1.057504859396780645e-03
2.574000000000000000e+03 9.943302267397422997e-04 1.058847759603523658e-03
2.578000000000000000e+03 9.951545449080455991e-04 1.057280687205424362e-03
2.582000000000000000e+03 9.947099514616320089e-04 1.057432415294452983e-03
2.586000000000000000e+03 9.947117165943902828e-04 1.057657028759228547e-03
2.590000000000000000e+03 9.942237302396591311e-04 1.057210302430158441e-03
2.594000000000000000e+03 9.947715105517525476e-04 1.057281937509371977e-03
2.598000000000000000e+03 9.937695020995126072e-04 1.057537367289016145e-03
2.602000000000000000e+03 9.949737656417712451e-04 1.058020499530516138e-03
2.606000000000000000e+03 9.945624155691082553e-04 1.057938567827928795e-03
2.610000000000000000e+03 9.939369693052542854e-04 1.058320940270785241e-03
2.614000000000000000e+03 9.952230909834292819e-04 1.057697479785049818e-03
2.618000000000000000e+03 9.942865396387022547e-04 1.057425722493082580e-03
2.622000000000000000e+03 9.949292695167080789e-04 1.058006819727319451e-03
2.626000000000000000e+03 9.935487866537583233e-04 1.057611944271436618e-03
2.630000000000000000e+03 9.940381703959311286e-04 1.057200300005667554e-03
2.634000000000000000e+03 9.944228963311067902e-04 1.057445947986821160e-03
2.638000000000000000e+03 9.942727862985059444e-04 1.057947319964287107e-03
2.642000000000000000e+03 9.948164479522396842e-04 1.057634743923137723e-03
2.646000000000000000e+03 9.944665834352120915e-04 1.057680049072799722e-03
2.650000000000000000e+03 9.943728841731627310e-04 1.057271126060343840e-03
2.654000000000000000e+03 9.947720989353515519e-04 1.057770365152106229e-03
2.658000000000000000e+03 9.943860491384796246e-04 1.057497357560913077e-03
2.662000000000000000e+03 9.944835728578921979e-04 1.058334399417128029e-03
2.666000000000000000e+03 9.947034057400604666e-04 1.057084683645904228e-03
2.670000000000000000e+03 9.947147320273567583e-04 1.056671274253300754e-03
2.674000000000000000e+03 9.939393228250812274e-04 1.057663500916201016e-03
2.678000000000000000e+03 9.941112028647957049e-04 1.057231189868862225e-03
2.682000000000000000e+03 9.942030634465333274e-04 1.057957543040083381e-03
2.686000000000000000e+03 9.945749921605460172e-04 1.057534793137750954e-03
2.690000000000000000e+03 9.946696475356692907e-04 1.057578480239597645e-03
2.694000000000000000e+03 9.941938700331696271e-04 1.057827732051734018e-03
2.698000000000000000e+03 9.945768308410114951e-04 1.057607604976272325e-03
2.702000000000000000e+03 9.938423139360037014e-04 1.058227608742923600e-03
2.706000000000000000e+03 9.943158850212036309e-04 1.057637023878961035e-03
2.710000000000000000e+03 9.950553295901046723e-04 1.057751463493332477e-03
2.714000000000000000e+03 9.944139235711526963e-04 1.058032340648595035e-03
2.718000000000000000e+03 9.938271631868451916e-04 1.057622535076987525e-03
2.722000000000000000e+03 9.939339538656615999e-04 1.057762789775603925e-03
2.726000000000000000e+03 9.938039222360428755e-04 1.057960043651981919e-03
2.730000000000000000e+03 9.939139490006143347e-04 1.058479655350966393e-03
2.734000000000000000e+03 9.939535909953608334e-04 1.058190467348589167e-03
2.738000000000000000e+03 9.943148553467266552e-04 1.058258425058833038e-03
2.742000000000000000e+03 9.943761938015875657e-04 1.058164137411812724e-03
2.746000000000000000e+03 9.941175279303922016e-04 1.057753302180791059e-03
2.750000000000000000e+03 9.945109324579976331e-04 1.057482795193860842e-03
2.754000000000000000e+03 9.943083096418206014e-04 1.058138395852828515e-03
2.758000000000000000e+03 9.944426805519313278e-04 1.057733370862550676e-03
2.762000000000000000e+03 9.946183850695518303e-04 1.057620843494558923e-03
2.766000000000000000e+03 9.929058361230714766e-04 1.057315475083184676e-03
2.770000000000000000e+03 9.944991648884653288e-04 1.057902750290151293e-03
2.774000000000000000e+03 9.946399344453644726e-04 1.057266492581757783e-03
2.778000000000000000e+03 9.946561148303932533e-04 1.058026236224487559e-03
2.782000000000000000e+03 9.940045592797298879e-04 1.057189267909041568e-03
2.786000000000000000e+03 9.946019104677516608e-04 1.057336436073915342e-03
2.790000000000000000e+03 9.935523169172730002e-04 1.058034326429413462e-03
2.794000000000000000e+03 9.939131399854283285e-04 1.057963426811109331e-03
2.798000000000000000e+03 9.931517783090427088e-04 1.058736114793406560e-03
2.802000000000000000e+03 9.944353993786398619e-04 1.057443079650291278e-03
2.806000000000000000e+03 9.939507962020770974e-04 1.057528688710660187e-03
2.810000000000000000e+03 9.940069863323660118e-04 1.057915253336715955e-03
2.814000000000000000e+03 9.945510157360693340e-04 1.057705349329445509e-03
2.818000000000000000e+03 9.950487838875548066e-04 1.058060215081512703e-03
2.822000000000000000e+03 9.941304722550002668e-04 1.057776322481666443e-03
2.826000000000000000e+03 9.947437096759479715e-04 1.057755508595142847e-03
2.830000000000000000e+03 9.944738646127362827e-04 1.058317483543670407e-03
2.834000000000000000e+03 9.942685940956747567e-04 1.057569213270988066e-03
2.838000000000000000e+03 9.944364290436667145e-04 1.058158474265734339e-03
2.842000000000000000e+03 9.945666813121832161e-04 1.058366466049933275e-03
2.846000000000000000e+03 9.946512607044316091e-04 1.057855900663025404e-03
2.850000000000000000e+03 9.940825194172278438e-04 1.058462003996463782e-03
2.854000000000000000e+03 9.944859263708184099e-04 1.058361906110666601e-03
2.858000000000000000e+03 9.945612388100996595e-04 1.058755531281710882e-03
2.862000000000000000e+03 9.938516544373626142e-04 1.057644672803876792e-03
2.866000000000000000e+03 9.936755821953627364e-04 1.058216944373847846e-03
2.870000000000000000e+03 9.944306923422262245e-04 1.057892306577599192e-03
2.874000000000000000e+03 9.941123060809116049e-04 1.058236949247746321e-03
2.878000000000000000e+03 9.938114240630785325e-04 1.057930845365177711e-03
2.882000000000000000e+03 9.943642055816423898e-04 1.058390736660262720e-03
2.886000000000000000e+03 9.939280700852080788e-04 1.058367495713133247e-03
2.890000000000000000e+03 9.945482209473431503e-04 1.059080831006867706e-03
2.894000000000000000e+03 9.939833776536797453e-04 1.058586960855887292e-03
2.898000000000000000e+03 9.940189745509993031e-04 1.058246142653683020e-03
2.902000000000000000e+03 9.948839643701230459e-04 1.058278135735787797e-03
2.906000000000000000e+03 9.937150770893661902e-04 1.058322043475562338e-03
2.910000000000000000e+03 9.953188495722851623e-04 1.057805667856623723e-03
2.914000000000000000e+03 9.943314034927906025e-04 1.057716160790794085e-03
2.918000000000000000e+03 9.943202242981041047e-04 1.058189805421100435e-03
2.922000000000000000e+03 9.944937223957362685e-04 1.057513905707150280e-03
2.926000000000000000e+03 9.946477304407655776e-04 1.058219371441063237e-03
2.930000000000000000e+03 9.949850919160894199e-04 1.058387868307033956e-03
2.934000000000000000e+03 9.939352777200323452e-04 1.057829202999504507e-03
2.938000000000000000e+03 9.945244651581100492e-04 1.057866565016615714e-03
2.942000000000000000e+03 9.941404011508808702e-04 1.058318586744143005e-03
2.946000000000000000e+03 9.942646225510529383e-04 1.058082720551691133e-03
2.950000000000000000e+03 9.950615811089994541e-04 1.058643886476605183e-03
2.954000000000000000e+03 9.942866867289823149e-04 1.058275267385096717e-03
2.958000000000000000e+03 9.940136056058655571e-04 1.058347785036178922e-03
2.962000000000000000e+03 9.942254218270522945e-04 1.058014909935424018e-03
2.966000000000000000e+03 9.948655040079559721e-04 1.058635281435403456e-03
2.970000000000000000e+03 9.949437583359563991e-04 1.058369407930790686e-03
2.974000000000000000e+03 9.944477553300318934e-04 1.058309908169540988e-03
2.978000000000000000e+03 9.950263519570695919e-04 1.057990198044436725e-03
2.982000000000000000e+03 9.948812431162851102e-04 1.058682131076401061e-03
2.986000000000000000e+03 9.950440033098361791e-04 1.058399562329889266e-03
2.990000000000000000e+03 9.940370671810644463e-04 1.058384632235917803e-03
2.994000000000000000e+03 9.945944821957890605e-04 1.058048447507808389e-03
2.998000000000000000e+03 9.938262070767461126e-04 1.058684999411042696e-03
3.002000000000000000e+03 9.945596943187764126e-04 1.058761635703642148e-03
3.006000000000000000e+03 9.948672691455595456e-04 1.057694758523518600e-03
3.010000000000000000e+03 9.950816595216639346e-04 1.058041754699822834e-03
3.014000000000000000e+03 9.948467494332769064e-04 1.058315350665516149e-03
3.018000000000000000e+03 9.946740603752647625e-04 1.058490981633176476e-03
3.022000000000000000e+03 9.946680295001848315e-04 1.058308731414607691e-03
3.026000000000000000e+03 9.948695491022649644e-04 1.058327044701059660e-03
3.030000000000000000e+03 9.949455970083304762e-04 1.057955924998702597e-03
3.034000000000000000e+03 9.946783996655403880e-04 1.058058376400786800e-03
3.038000000000000000e+03 9.947507702115006723e-04 1.058012188686596397e-03
3.042000000000000000e+03 9.949019099249822255e-04 1.058586078301950242e-03
3.046000000000000000e+03 9.943790621500898583e-04 1.058517973486784378e-03
3.050000000000000000e+03 9.949108826842088197e-04 1.058398164933458709e-03
3.054000000000000000e+03 9.948833024519070610e-04 1.058868279297274029e-03
3.058000000000000000e+03 9.947012728749055760e-04 1.058386323808863105e-03
3.062000000000000000e+03 9.951752852427392035e-04 1.058424200672616194e-03
3.066000000000000000e+03 9.942713153498357846e-04 1.058283210500800091e-03
3.070000000000000000e+03 9.951919069416683382e-04 1.058323073133042710e-03
3.074000000000000000e+03 9.947915889633388974e-04 1.058524445648048769e-03
3.078000000000000000e+03 9.951163738556490120e-04 1.058379116186801200e-03
3.082000000000000000e+03 9.955163240896209177e-04 1.058527681728751004e-03
3.086000000000000000e+03 9.950009781276552678e-04 1.059133270223004859e-03
3.090000000000000000e+03 9.945689612725161586e-04 1.058802748651074691e-03
3.094000000000000000e+03 9.955010262456759698e-04 1.058018072471502303e-03
3.098000000000000000e+03 9.951374083898203299e-04 1.058606009616770618e-03
3.102000000000000000e+03 9.955511855086987983e-04 1.058650432188716194e-03
3.106000000000000000e+03 9.947670977119278755e-04 1.058969186199457428e-03
3.110000000000000000e+03 9.950094360728078957e-04 1.059566758035462375e-03
3.114000000000000000e+03 9.952167659209639611e-04 1.058711770636774820e-03
3.118000000000000000e+03 9.943364047146697245e-04 1.059773205317886356e-03
3.122000000000000000e+03 9.949468473200251493e-04 1.058731775495207368e-03
3.126000000000000000e+03 9.951874940905313174e-04 1.058857026559797401e-03
3.130000000000000000e+03 9.952113234139071691e-04 1.059130622521405008e-03
3.134000000000000000e+03 9.950745254320055022e-04 1.058143617716232870e-03
3.138000000000000000e+03 9.950565798926191887e-04 1.058722214349789225e-03
3.142000000000000000e+03 9.952027919358313011e-04 1.058645872251463968e-03
3.146000000000000000e+03 9.949214735039397899e-04 1.058422509084198460e-03
3.150000000000000000e+03 9.953645960039353251e-04 1.059109440901293909e-03
3.154000000000000000e+03 9.952360353192408419e-04 1.058579459032096652e-03
3.158000000000000000e+03 9.951107107148712914e-04 1.059268008891403818e-03
3.162000000000000000e+03 9.948238026789249944e-04 1.059320448122471519e-03
3.166000000000000000e+03 9.951115932833379512e-04 1.058149060219470017e-03
3.170000000000000000e+03 9.949806055422783391e-04 1.058727362662439768e-03
3.174000000000000000e+03 9.952547163342248971e-04 1.058873280507464584e-03
3.178000000000000000e+03 9.952211787542244396e-04 1.058751927462203962e-03
3.182000000000000000e+03 9.947941631153914364e-04 1.059121134927191489e-03
3.186000000000000000e+03 9.948095345098250004e-04 1.058637782052603742e-03
3.190000000000000000e+03 9.957573385995408758e-04 1.058939693730757579e-03
3.194000000000000000e+03 9.954290234307763482e-04 1.059635892493322696e-03
3.198000000000000000e+03 9.953645959990310450e-04 1.058658743027918571e-03
3.202000000000000000e+03 9.954418942175961415e-04 1.058393678553311984e-03
3.206000000000000000e+03 9.952204432837369764e-04 1.058719934390377855e-03
3.210000000000000000e+03 9.955023500879528735e-04 1.058750088777404711e-03
