3.928197715580463409e+02 1.384032837878988297e-03 1.383357370083738384e-03
3.928207714855670929e+02 1.384260547629150798e-03 1.386406253539149711e-03
3.928217714130878448e+02 1.385206038064018238e-03 1.383716949664502097e-03
3.928227713406085968e+02 1.386358612381678214e-03 1.384072622021445933e-03
3.928237712681293488e+02 1.389355965609664380e-03 1.387283940895973119e-03
3.928247711956501007e+02 1.386272808751850237e-03 1.382667345850858119e-03
3.928257711231708527e+02 1.391181768743757685e-03 1.391837560804843688e-03
3.928267710506916046e+02 1.386671300770004299e-03 1.390048881361219749e-03
3.928277709782123566e+02 1.385134259966064839e-03 1.385329986964488249e-03
3.928287709057331085e+02 1.385606180187277155e-03 1.386300630060852482e-03
3.928297708332538605e+02 1.381200491759863262e-03 1.383303878972309657e-03
3.928307707607746124e+02 1.381644360674090652e-03 1.382287697989757411e-03
3.928317706882953644e+02 1.380620491921617527e-03 1.388255319038858831e-03
3.928327706158161163e+02 1.383533691556548297e-03 1.388175729338773576e-03
3.928337705433368683e+02 1.371267066712483426e-03 1.386246722108329995e-03
3.928347704708576202e+02 1.365147779904064438e-03 1.384757272925503510e-03
3.928357703983783722e+02 1.351350714689501017e-03 1.385967613770919824e-03
3.928367703258991241e+02 1.342499736050231651e-03 1.388562330761537820e-03
3.928377702534198761e+02 1.328028617038246647e-03 1.384075292343176812e-03
3.928387701809406281e+02 1.319001905882147057e-03 1.389410135635299210e-03
3.928397701084613800e+02 1.312486602228293570e-03 1.386578962866904553e-03
3.928407700359821320e+02 1.319211464838186644e-03 1.388980683538258059e-03
3.928417699635028839e+02 1.326390096918957009e-03 1.384929918331352823e-03
3.928427698910236359e+02 1.344691854839359310e-03 1.386249830730946911e-03
3.928437698185443878e+02 1.359720697761410526e-03 1.390702688232341297e-03
3.928447697460651398e+02 1.367587409311918963e-03 1.387532160552139206e-03
3.928457696735858917e+02 1.378298842567001218e-03 1.391776232035903680e-03
3.928467696011066437e+02 1.383961884896269283e-03 1.392381950392779493e-03
3.928477695286273956e+02 1.384699466411610158e-03 1.387262595202661680e-03
3.928487694561481476e+02 1.388639009955612829e-03 1.389174984106732701e-03
3.928497693836688995e+02 1.388759465114160555e-03 1.388879016409003695e-03
3.928507693111896515e+02 1.388287544911006276e-03 1.389369618143693674e-03
3.928517692387104034e+02 1.388123362901890184e-03 1.391032936354310873e-03
3.928527691662311554e+02 1.394489335273552903e-03 1.393730786911945687e-03
3.928537690937519073e+02 1.385388370910051788e-03 1.388099467860879439e-03
3.928547690212726593e+02 1.391487856862833571e-03 1.389258876435100695e-03
3.928557689487934113e+02 1.392252664576669159e-03 1.392066363037446422e-03
3.928567688763141632e+02 1.393986888788006353e-03 1.392684651659210036e-03
3.928577688038349152e+02 1.386970788605224915e-03 1.390043855640878340e-03
3.928587687313556671e+02 1.393363162062467506e-03 1.391384423701093592e-03
3.928597686588764191e+02 1.387932779760423473e-03 1.390015667402142319e-03
