3.928097714781761169e+02 1.457035261592974683e-03 1.456948169816997931e-03
3.928102714419364929e+02 1.457553383778469394e-03 1.456980086825825907e-03
3.928107714056968689e+02 1.457795944153081899e-03 1.456508362242398425e-03
3.928112713694572449e+02 1.457544803397127107e-03 1.457780437079239872e-03
3.928117713332176208e+02 1.457121642796332245e-03 1.457189341208997915e-03
3.928122712969779968e+02 1.457267756552745302e-03 1.456566094274626801e-03
3.928127712607383728e+02 1.457483255774083856e-03 1.457146482676522107e-03
3.928132712244987488e+02 1.456140510816027146e-03 1.456544805839247699e-03
3.928137711882591248e+02 1.456227799544030201e-03 1.456060355430321800e-03
3.928142711520195007e+02 1.456864231774828485e-03 1.456759083459955705e-03
3.928147711157798767e+02 1.456351224834060267e-03 1.455634354291269420e-03
3.928152710795402527e+02 1.455934829500596774e-03 1.456127520405102026e-03
3.928157710433006287e+02 1.456358980162479003e-03 1.455671420991243997e-03
3.928162710070610046e+02 1.457341267198522441e-03 1.457248093882993574e-03
3.928167709708213806e+02 1.457651892983638769e-03 1.456953613853069918e-03
3.928172709345817566e+02 1.457233187569900420e-03 1.456811877577071472e-03
3.928177708983421326e+02 1.456513509276423542e-03 1.455445291448921727e-03
3.928182708621025085e+02 1.457918049371562932e-03 1.457557180140176163e-03
3.928187708258628845e+02 1.457584817622175092e-03 1.457729571022169709e-03
3.928192707896232605e+02 1.457876632604870057e-03 1.457604971341091259e-03
3.928197707533836365e+02 1.456750789423847834e-03 1.457364859860152319e-03
3.928202707171440125e+02 1.458192291113942713e-03 1.457014644221724759e-03
3.928207706809043884e+02 1.457569224453383969e-03 1.457074462412972756e-03
3.928212706446647644e+02 1.459432401684653728e-03 1.458139115708106948e-03
3.928217706084251404e+02 1.458276939724401479e-03 1.458224804468413044e-03
3.928222705721855164e+02 1.457208849012123827e-03 1.458304299419657364e-03
3.928227705359458923e+02 1.457301417997552192e-03 1.457688611843480780e-03
3.928232704997062683e+02 1.457212891702146847e-03 1.457265855742539019e-03
3.928237704634666443e+02 1.456872729642314348e-03 1.457100511068537118e-03
3.928242704272270203e+02 1.457299025379124591e-03 1.456988349933338589e-03
3.928247703909873962e+02 1.456836758100757715e-03 1.457388381293117739e-03
3.928252703547477722e+02 1.457583002536068937e-03 1.457152635936913342e-03
3.928257703185081482e+02 1.457430948527442148e-03 1.457339100646412415e-03
3.928262702822685242e+02 1.456449734039625158e-03 1.457179199555904640e-03
3.928267702460289001e+02 1.456705412487108251e-03 1.456810029560611343e-03
3.928272702097892761e+02 1.457674416459278904e-03 1.458069418922441430e-03
3.928277701735496521e+02 1.456421435333810294e-03 1.457123470874505458e-03
3.928282701373100281e+02 1.455980288959926464e-03 1.457601138205715310e-03
3.928287701010704041e+02 1.456690644352164141e-03 1.457199852294903007e-03
3.928292700648307800e+02 1.455958838032993512e-03 1.456712535572071482e-03
3.928297700285911560e+02 1.455044698915860689e-03 1.457403998354689411e-03
3.928302699923515320e+02 1.454156465900843364e-03 1.456849173549230186e-03
3.928307699561119080e+02 1.452975015361301437e-03 1.457623263558137676e-03
3.928312699198722839e+02 1.453199424942755967e-03 1.456581363745216651e-03
3.928317698836326599e+02 1.452236361240197022e-03 1.458424385510000924e-03
3.928322698473930359e+02 1.451284270493954226e-03 1.457035057424619501e-03
3.928327698111534119e+02 1.451460085520335291e-03 1.459520965541037923e-03
3.928332697749137878e+02 1.447607665655469824e-03 1.456667298447320491e-03
3.928337697386741638e+02 1.447517654318164699e-03 1.459195045795117201e-03
3.928342697024345398e+02 1.442210119681778136e-03 1.457365427726392245e-03
3.928347696661949158e+02 1.438018775338173114e-03 1.457010670018175826e-03
3.928352696299552917e+02 1.433071698649429279e-03 1.456989414185120560e-03
3.928357695937156677e+02 1.427451805667785244e-03 1.457319780956537175e-03
3.928362695574760437e+02 1.420435127932008143e-03 1.457838330869467170e-03
3.928367695212364197e+02 1.413192060499736261e-03 1.457466467491548654e-03
3.928372694849967957e+02 1.404525147174418920e-03 1.457797138078920302e-03
3.928377694487571716e+02 1.396754634689012769e-03 1.457814835800763003e-03
3.928382694125175476e+02 1.388564839289186444e-03 1.458473291856369428e-03
3.928387693762779236e+02 1.381971322201380661e-03 1.457521730720633991e-03
3.928392693400382996e+02 1.376321727982461217e-03 1.456784831152725668e-03
3.928397693037986755e+02 1.373747782865954604e-03 1.456352166075104574e-03
3.928402692675590515e+02 1.373502334871691327e-03 1.456506191144815027e-03
3.928407692313194275e+02 1.374527441221019743e-03 1.457184843587222252e-03
3.928412691950798035e+02 1.379674258924804128e-03 1.457937108847807582e-03
3.928417691588401794e+02 1.384277378359329708e-03 1.456542444651419323e-03
3.928422691226005554e+02 1.391237211134343545e-03 1.457310706311038158e-03
3.928427690863609314e+02 1.399039322455528350e-03 1.456337461384192827e-03
3.928432690501213074e+02 1.407050992742278541e-03 1.457132505162324386e-03
3.928437690138816833e+02 1.416020116515078657e-03 1.457723259661217619e-03
3.928442689776420593e+02 1.424013636043809216e-03 1.458437077064740585e-03
3.928447689414024353e+02 1.429029108151130042e-03 1.456792723632426706e-03
3.928452689051628113e+02 1.435210520167047588e-03 1.458339979481360505e-03
3.928457688689231873e+02 1.438508516290112026e-03 1.456607325280797043e-03
3.928462688326835632e+02 1.442927405385047894e-03 1.456835087767421877e-03
3.928467687964439392e+02 1.444299439093750092e-03 1.456238685044064117e-03
3.928472687602043152e+02 1.446864391348218985e-03 1.456801580485801110e-03
3.928477687239646912e+02 1.449898871217438715e-03 1.457966034905677517e-03
3.928482686877250671e+02 1.452384207561556624e-03 1.457810230638217864e-03
3.928487686514854431e+02 1.452994733679381341e-03 1.457836927978488654e-03
3.928492686152458191e+02 1.454098878430662000e-03 1.458714234118067008e-03
3.928497685790061951e+02 1.453268562911627215e-03 1.457796356639176009e-03
3.928502685427665710e+02 1.454103498630572155e-03 1.457193641795774802e-03
3.928507685065269470e+02 1.455624451225347215e-03 1.457778193058274730e-03
3.928512684702873230e+02 1.455460351710880255e-03 1.458000788010000229e-03
3.928517684340476990e+02 1.455231651915919657e-03 1.457143488554546364e-03
3.928522683978080750e+02 1.454798838397436313e-03 1.456005697933695662e-03
3.928527683615684509e+02 1.456087873558971043e-03 1.457566915596015221e-03
3.928532683253288269e+02 1.455354417170273435e-03 1.456091516045514549e-03
3.928537682890892029e+02 1.456021458206959839e-03 1.456985657090177026e-03
3.928542682528495789e+02 1.455553745709059228e-03 1.456787611415761522e-03
3.928547682166099548e+02 1.457151426560551483e-03 1.457667794911198227e-03
3.928552681803703308e+02 1.456531165019606762e-03 1.457408590123837914e-03
3.928557681441307068e+02 1.456394456675882184e-03 1.457074193075337878e-03
3.928562681078910828e+02 1.456679341368169412e-03 1.456953681511995256e-03
3.928567680716514587e+02 1.456691716899756982e-03 1.456518879766878450e-03
3.928572680354118347e+02 1.457157861855019150e-03 1.456810952501044407e-03
3.928577679991722107e+02 1.457451491913634191e-03 1.457663081972943508e-03
3.928582679629325867e+02 1.457160584461963948e-03 1.458370324498485223e-03
3.928587679266929626e+02 1.457786538745344538e-03 1.458206045644762795e-03
3.928592678904533386e+02 1.456095546389280741e-03 1.456407920034194069e-03
3.928597678542137146e+02 1.455606052937008423e-03 1.456656551568973838e-03
3.928602678179740906e+02 1.456116007258945752e-03 1.457652193657992890e-03
3.928607677817344666e+02 1.456379523533858026e-03 1.457080410641410119e-03
3.928612677454948425e+02 1.456556906127084300e-03 1.457595771109573227e-03
3.928617677092552185e+02 1.456676371246801594e-03 1.456058736684328865e-03
3.928622676730155945e+02 1.455909500920737855e-03 1.457201115001219901e-03
3.928627676367759705e+02 1.456914558929343255e-03 1.456735406448776996e-03
3.928632676005363464e+02 1.457187068097633197e-03 1.457338264719272190e-03
3.928637675642967224e+02 1.457447944269498483e-03 1.457864775413376425e-03
3.928642675280570984e+02 1.456266163688152990e-03 1.456327321423546732e-03
3.928647674918174744e+02 1.456811924534070308e-03 1.456660460727321992e-03
3.928652674555778503e+02 1.456649557589830175e-03 1.456705593799075427e-03
3.928657674193382263e+02 1.457237065232143153e-03 1.456679174668698345e-03
3.928662673830986023e+02 1.456283901950106239e-03 1.457366525455674935e-03
3.928667673468589783e+02 1.456707887590748523e-03 1.457096318507393809e-03
3.928672673106193542e+02 1.457576732271835106e-03 1.457204514018465517e-03
3.928677672743797302e+02 1.457465270000963447e-03 1.457793550401193568e-03
3.928682672381401062e+02 1.457799326801490457e-03 1.459317660944363815e-03
3.928687672019004822e+02 1.457418160475878501e-03 1.458246920923088070e-03
3.928692671656608582e+02 1.457097881784715204e-03 1.457511946160509626e-03
3.928697671294212341e+02 1.457447779252185518e-03 1.457459970165154084e-03
