0.000000000000000000e+00 1.008308818844625863e-03 1.006332823149929485e-03
2.000000000000000000e+01 1.006814935715677440e-03 1.007652689385125097e-03
4.000000000000000000e+01 1.006498281895634641e-03 1.008107225431807610e-03
6.000000000000000000e+01 1.005394272749712955e-03 1.007536678070547476e-03
8.000000000000000000e+01 1.002366568075711882e-03 1.007637474773659001e-03
1.000000000000000000e+02 9.993845072488679888e-04 1.010825883628249048e-03
1.200000000000000000e+02 9.982091796668850041e-04 1.008772864052632622e-03
1.400000000000000000e+02 9.943579849842169860e-04 1.006954719774409354e-03
1.600000000000000000e+02 9.915081008925541797e-04 1.005691908278603551e-03
1.800000000000000000e+02 9.860783918796349034e-04 1.006390828790752843e-03
2.000000000000000000e+02 9.858102346425271379e-04 1.005592062521561093e-03
2.200000000000000000e+02 9.841233162868440968e-04 1.005344825272030214e-03
2.400000000000000000e+02 9.813067141490158969e-04 1.006246290134050385e-03
2.600000000000000000e+02 9.804841750138144213e-04 1.007821951758045096e-03
2.800000000000000000e+02 9.755708113548923824e-04 1.004259834375512660e-03
3.000000000000000000e+02 9.736775450684597094e-04 1.004862712776245174e-03
3.200000000000000000e+02 9.692120610589149803e-04 1.006606685860259379e-03
3.400000000000000000e+02 9.677999563291641693e-04 1.004753357883116094e-03
3.600000000000000000e+02 9.641741279226703288e-04 1.004169497725649392e-03
3.800000000000000000e+02 9.613194893556691349e-04 1.005079520763435064e-03
4.000000000000000000e+02 9.608449840831766869e-04 1.001602034625993353e-03
4.200000000000000000e+02 9.592151204683104816e-04 1.001968135840242699e-03
4.400000000000000000e+02 9.569452928536758326e-04 1.003392602407741398e-03
4.600000000000000000e+02 9.566809392865088238e-04 1.003094966897357049e-03
4.800000000000000000e+02 9.552288962388015125e-04 1.003798641953093521e-03
5.000000000000000000e+02 9.540335995481899218e-04 1.003636986866839791e-03
5.200000000000000000e+02 9.513120886545928375e-04 1.005135624610677949e-03
5.400000000000000000e+02 9.509659566259056739e-04 1.001360502908366394e-03
5.600000000000000000e+02 9.490213410097214164e-04 1.001179829562631306e-03
5.800000000000000000e+02 9.511827645567646474e-04 1.005344825319890367e-03
6.000000000000000000e+02 9.479449083645641663e-04 1.005331512505385719e-03
6.200000000000000000e+02 9.480361959270591646e-04 1.004275999871891015e-03
6.400000000000000000e+02 9.481493544779227281e-04 1.003891831351480524e-03
6.600000000000000000e+02 9.452005755761258132e-04 1.000785201011909070e-03
6.800000000000000000e+02 9.478983136516352329e-04 1.004101982989483296e-03
7.000000000000000000e+02 9.462256589935235697e-04 1.003677876136448675e-03
7.200000000000000000e+02 9.451292571394856587e-04 1.004065848317818284e-03
7.400000000000000000e+02 9.458205703715980364e-04 1.005135624603162693e-03
7.600000000000000000e+02 9.472954352911700958e-04 1.002377028124677542e-03
7.800000000000000000e+02 9.454154817222077106e-04 1.003528582901257269e-03
8.000000000000000000e+02 9.504819422411905439e-04 1.005771784911475364e-03
8.200000000000000000e+02 9.506778301826422813e-04 1.004912160262780426e-03
8.400000000000000000e+02 9.504477094146252317e-04 1.003152972533092897e-03
8.600000000000000000e+02 9.510876733713345861e-04 1.003003679308675641e-03
8.800000000000000000e+02 9.520062546192961661e-04 1.005583504281193190e-03
9.000000000000000000e+02 9.537873132882039671e-04 1.002607148879523270e-03
9.200000000000000000e+02 9.551784979128857215e-04 1.004256981638239040e-03
9.400000000000000000e+02 9.551452160043266389e-04 1.005050993436242294e-03
9.600000000000000000e+02 9.537825587441267280e-04 1.001939608487265867e-03
9.800000000000000000e+02 9.573199523326883899e-04 1.004886485572796572e-03
1.000000000000000000e+03 9.590905509334952299e-04 1.005332463427021641e-03
1.020000000000000000e+03 9.600557269029891044e-04 1.002861042465376775e-03
1.040000000000000000e+03 9.611616378876833029e-04 1.006088438718947707e-03
1.060000000000000000e+03 9.609001370198563905e-04 1.005788901344100783e-03
1.080000000000000000e+03 9.613052256110225660e-04 1.005370499917383319e-03
1.100000000000000000e+03 9.605739740940633792e-04 1.004795198011771643e-03
1.120000000000000000e+03 9.625604298071997050e-04 1.006891959557807120e-03
1.140000000000000000e+03 9.623873637349679129e-04 1.005490314876535162e-03
1.160000000000000000e+03 9.635950223431007100e-04 1.007656493036726249e-03
1.180000000000000000e+03 9.633116504860269203e-04 1.008015937883383279e-03
1.200000000000000000e+03 9.661672400110698101e-04 1.006379417841539968e-03
1.220000000000000000e+03 9.645915783663925333e-04 1.004897896520794490e-03
1.240000000000000000e+03 9.675317991226607206e-04 1.004403422155720821e-03
1.260000000000000000e+03 9.665894450541527225e-04 1.006693218890340660e-03
1.280000000000000000e+03 9.654217247864813186e-04 1.006812082932917636e-03
1.300000000000000000e+03 9.674395606086128680e-04 1.008785225918488234e-03
1.320000000000000000e+03 9.667891366342471187e-04 1.008305966123219108e-03
1.340000000000000000e+03 9.685045823103869984e-04 1.009022953966922211e-03
1.360000000000000000e+03 9.645877747328141828e-04 1.008023545221134768e-03
1.380000000000000000e+03 9.674547752358539972e-04 1.006786408297377861e-03
1.400000000000000000e+03 9.658981318171323783e-04 1.007514807081001575e-03
1.420000000000000000e+03 9.639135779228098127e-04 1.005662430002613426e-03
1.440000000000000000e+03 9.663593242660596097e-04 1.007251404404112434e-03
1.460000000000000000e+03 9.672645927868690850e-04 1.007873301011325950e-03
1.480000000000000000e+03 9.641436987012043033e-04 1.008494246725009967e-03
1.500000000000000000e+03 9.643548012631706712e-04 1.007529070779156904e-03
1.520000000000000000e+03 9.632488902785946508e-04 1.005838348772558795e-03
1.540000000000000000e+03 9.625823007592038041e-04 1.008347806237164853e-03
1.560000000000000000e+03 9.632422338924060985e-04 1.008179494762663237e-03
1.580000000000000000e+03 9.608250149276263046e-04 1.006883401314753864e-03
1.600000000000000000e+03 9.613080783633314681e-04 1.006112211524792886e-03
1.620000000000000000e+03 9.609391243741086238e-04 1.004393913050143647e-03
1.640000000000000000e+03 9.585599419069184505e-04 1.009595403171631781e-03
1.660000000000000000e+03 9.581282277708833570e-04 1.008699643768241894e-03
1.680000000000000000e+03 9.604170735735015427e-04 1.010073711989787877e-03
1.700000000000000000e+03 9.577497646742042002e-04 1.007522414387677879e-03
1.720000000000000000e+03 9.583573975974906973e-04 1.007898975657130301e-03
1.740000000000000000e+03 9.566238845623971582e-04 1.009154179886506252e-03
1.760000000000000000e+03 9.568093124475735445e-04 1.005445622005784329e-03
1.780000000000000000e+03 9.542161746969060566e-04 1.006746469981081816e-03
1.800000000000000000e+03 9.561864649131601984e-04 1.006699875257909558e-03
1.820000000000000000e+03 9.550130391743844385e-04 1.008936420941099459e-03
1.840000000000000000e+03 9.538462698371519190e-04 1.010100337555789847e-03
1.860000000000000000e+03 9.540231395330602601e-04 1.007786768007405600e-03
1.880000000000000000e+03 9.517476064629991437e-04 1.005913470871035512e-03
1.900000000000000000e+03 9.543702224820095528e-04 1.009061941392914476e-03
1.920000000000000000e+03 9.517000608718878107e-04 1.007194349672795811e-03
1.940000000000000000e+03 9.546792690011430280e-04 1.007659345799359141e-03
1.960000000000000000e+03 9.503744892040784289e-04 1.008312622490407017e-03
1.980000000000000000e+03 9.529029648785321532e-04 1.008072041712289053e-03
2.000000000000000000e+03 9.496536976725300548e-04 1.010097484806246962e-03
2.020000000000000000e+03 9.512036846668299244e-04 1.008307867918972756e-03
2.040000000000000000e+03 9.514746946567145336e-04 1.008448602952704588e-03
2.060000000000000000e+03 9.517504592657903420e-04 1.008541792375681513e-03
2.080000000000000000e+03 9.519377889476566927e-04 1.007554745417092550e-03
2.100000000000000000e+03 9.516886499458164722e-04 1.008906942676128949e-03
2.120000000000000000e+03 9.521279713757204062e-04 1.008083452636796213e-03
2.140000000000000000e+03 9.486162524269638793e-04 1.010159294128508065e-03
2.160000000000000000e+03 9.503488145652782410e-04 1.005988592928018727e-03
2.180000000000000000e+03 9.508822763324331802e-04 1.008015937873856611e-03
2.200000000000000000e+03 9.501224974443555314e-04 1.008190905727946590e-03
2.220000000000000000e+03 9.540592742000406513e-04 1.007185791470912315e-03
2.240000000000000000e+03 9.525016799323885158e-04 1.009963406180523901e-03
2.260000000000000000e+03 9.518940469849395975e-04 1.008946880972618572e-03
2.280000000000000000e+03 9.514937129095245782e-04 1.009282552986212611e-03
2.300000000000000000e+03 9.510572442096791156e-04 1.008881268048458964e-03
2.320000000000000000e+03 9.549093897302062114e-04 1.011644619071818026e-03
2.340000000000000000e+03 9.538377116297995983e-04 1.011272812392607738e-03
2.360000000000000000e+03 9.537188476301363196e-04 1.009907302372586814e-03
2.380000000000000000e+03 9.579199779696119781e-04 1.009841689428468995e-03
2.400000000000000000e+03 9.559221113188045432e-04 1.010960913174114434e-03
