1.000000000000000000e+01 8.747496349157537305e-04 8.767684669186915280e-04
1.000000000000000000e+01 8.740605460935714759e-04 8.746681770359506728e-04
1.100000000000000000e+01 8.758856406957754798e-04 8.722684748575537141e-04
1.100000000000000000e+01 8.724864294589001991e-04 8.704169614990219439e-04
1.200000000000000000e+01 8.769666075066480338e-04 8.752273737693288700e-04
1.200000000000000000e+01 8.734617212841492336e-04 8.734220931490163870e-04
1.300000000000000000e+01 8.734705275743587629e-04 8.689705355121842348e-04
1.400000000000000000e+01 8.735233650142041565e-04 8.702474412378038808e-04
1.400000000000000000e+01 8.742873069748376526e-04 8.754299174288799864e-04
1.500000000000000000e+01 8.729575636760328761e-04 8.711368721600724636e-04
1.600000000000000000e+01 8.724203826679195403e-04 8.711082518195938183e-04
1.600000000000000000e+01 8.731358901383157395e-04 8.745294787420270074e-04
1.700000000000000000e+01 8.750864738082428200e-04 8.745140678014132023e-04
1.800000000000000000e+01 8.697102602209836426e-04 8.766011482216369685e-04
1.900000000000000000e+01 8.721143655742075217e-04 8.724115764003891353e-04
2.000000000000000000e+01 8.683056638331058778e-04 8.706547301829415655e-04
2.000000000000000000e+01 8.715177423363243935e-04 8.706811488982548310e-04
2.100000000000000000e+01 8.725656857306955932e-04 8.714230752296636120e-04
2.200000000000000000e+01 8.710025769090519497e-04 8.724203825820753396e-04
2.300000000000000000e+01 8.739086383403010371e-04 8.762356889484981337e-04
2.400000000000000000e+01 8.771053058848484688e-04 8.726097169078970810e-04
2.600000000000000000e+01 8.725436700902074270e-04 8.776556962639774345e-04
2.700000000000000000e+01 8.706151020444487763e-04 8.750292332113391702e-04
2.800000000000000000e+01 8.763655811718953741e-04 8.748949379378460726e-04
2.900000000000000000e+01 8.735277681602944067e-04 8.743929818868823338e-04
3.000000000000000000e+01 8.771977714999274443e-04 8.729091293643483898e-04
3.200000000000000000e+01 8.733428369669203996e-04 8.740297242501760162e-04
3.300000000000000000e+01 8.739020336560154433e-04 8.747650458508564276e-04
3.500000000000000000e+01 8.731579057857172125e-04 8.739900961137671721e-04
3.600000000000000000e+01 8.710598175154321771e-04 8.725634841260054798e-04
3.800000000000000000e+01 8.740517398357817601e-04 8.748332942309117611e-04
4.000000000000000000e+01 8.694746930335732005e-04 8.752009550224700918e-04
4.200000000000000000e+01 8.753726768706418049e-04 8.782479164371858726e-04
4.400000000000000000e+01 8.751106910025803660e-04 8.750930784729484815e-04
4.600000000000000000e+01 8.732657823122886480e-04 8.706657379885596529e-04
4.800000000000000000e+01 8.744392146498769416e-04 8.740517397655023658e-04
5.000000000000000000e+01 8.707626066710683847e-04 8.731446964203434455e-04
5.200000000000000000e+01 8.698577648382262032e-04 8.710730268743192709e-04
5.400000000000000000e+01 8.751635284975458392e-04 8.691048307314147483e-04
5.700000000000000000e+01 8.730390214317836897e-04 8.746263474196005593e-04
5.900000000000000000e+01 8.719250312104223329e-04 8.759274704154038733e-04
6.200000000000000000e+01 8.713724393068326968e-04 8.721143655523532585e-04
6.500000000000000000e+01 8.681449498625902223e-04 8.760089281764166453e-04
6.800000000000000000e+01 8.700955335225767952e-04 8.771031043589760587e-04
7.100000000000000000e+01 8.695979805355648004e-04 8.678477390047650841e-04
7.400000000000000000e+01 8.686975418535379306e-04 8.716454328953004375e-04
7.800000000000000000e+01 8.702892709411646881e-04 8.719932796753515061e-04
8.100000000000000000e+01 8.670309596138023453e-04 8.730610370866330894e-04
8.500000000000000000e+01 8.656924101209456050e-04 8.754497314928118929e-04
8.900000000000000000e+01 8.712799736566564706e-04 8.715507657566428984e-04
9.300000000000000000e+01 8.691070323005607029e-04 8.713592298919259609e-04
9.700000000000000000e+01 8.659940241012639836e-04 8.751194972008477079e-04
1.020000000000000000e+02 8.646312573953895443e-04 8.756698876583357593e-04
1.060000000000000000e+02 8.641843403780953298e-04 8.748971394964009983e-04
1.110000000000000000e+02 8.683651059828624173e-04 8.739922976664492998e-04
1.160000000000000000e+02 8.619255381173054203e-04 8.752692034456434952e-04
1.210000000000000000e+02 8.638144780250309835e-04 8.733626510499753557e-04
1.270000000000000000e+02 8.616173194286779130e-04 8.738513976714054957e-04
1.330000000000000000e+02 8.589732438367689901e-04 8.710554143843705953e-04
1.390000000000000000e+02 8.586342033643867919e-04 8.782721335739548853e-04
1.450000000000000000e+02 8.600035747650077497e-04 8.752493894162639192e-04
1.520000000000000000e+02 8.568861633901707050e-04 8.717841313171014123e-04
1.590000000000000000e+02 8.592528422162541138e-04 8.722640717586758064e-04
1.660000000000000000e+02 8.568355274872834718e-04 8.761168046841442134e-04
1.730000000000000000e+02 8.582203097896360343e-04 8.713196017643011059e-04
1.810000000000000000e+02 8.537181161161759742e-04 8.738558008598867497e-04
1.900000000000000000e+02 8.550654718768695151e-04 8.737082962264269099e-04
1.980000000000000000e+02 8.553648843135334837e-04 8.702650537418647487e-04
2.070000000000000000e+02 8.509771718509052995e-04 8.766363732690384816e-04
2.170000000000000000e+02 8.527582352358355948e-04 8.726295310269996993e-04
2.270000000000000000e+02 8.549333781975283026e-04 8.694284602931356357e-04
2.370000000000000000e+02 8.496342192570168839e-04 8.743599584305737377e-04
2.480000000000000000e+02 8.463318767861217591e-04 8.725392669694461995e-04
2.590000000000000000e+02 8.458013003247429138e-04 8.743841756106442674e-04
2.710000000000000000e+02 8.481921963223889010e-04 8.742917100024814175e-04
2.830000000000000000e+02 8.447467523066001056e-04 8.727726324609853424e-04
2.960000000000000000e+02 8.435226840477717467e-04 8.737303118191155297e-04
3.100000000000000000e+02 8.404559086217592559e-04 8.667029269163192091e-04
3.240000000000000000e+02 8.398482775771662487e-04 8.708792894334935241e-04
3.380000000000000000e+02 8.377215690364410525e-04 8.735233650059028541e-04
3.540000000000000000e+02 8.363984304296950573e-04 8.765042795626902267e-04
3.700000000000000000e+02 8.393309106209379238e-04 8.728386793682592609e-04
3.870000000000000000e+02 8.373186832378380325e-04 8.763127437424977862e-04
4.050000000000000000e+02 8.352316027995891883e-04 8.700977350609384554e-04
4.230000000000000000e+02 8.322793085821214489e-04 8.780145508473447208e-04
4.420000000000000000e+02 8.296176204804794375e-04 8.753726768740116137e-04
4.620000000000000000e+02 8.261677733537783072e-04 8.727748340750656223e-04
4.830000000000000000e+02 8.251814737902295150e-04 8.776094634978510002e-04
5.060000000000000000e+02 8.237724742449281179e-04 8.743401443940163097e-04
5.290000000000000000e+02 8.271716855213811148e-04 8.757777641941440552e-04
5.530000000000000000e+02 8.263593092481154312e-04 8.758944469170173910e-04
5.780000000000000000e+02 8.210073127963872161e-04 8.770810886885702009e-04
6.040000000000000000e+02 8.206814816840767111e-04 8.812904747041962672e-04
6.320000000000000000e+02 8.205427833029754932e-04 8.746857895805897586e-04
6.610000000000000000e+02 8.177049703211272018e-04 8.767816763128057599e-04
6.910000000000000000e+02 8.180043827265374165e-04 8.806652311466469469e-04
7.220000000000000000e+02 8.235413102891503932e-04 8.771911667490936296e-04
7.550000000000000000e+02 8.231252151258607735e-04 8.734771322324836424e-04
7.900000000000000000e+02 8.191866214021724076e-04 8.716388282160223398e-04
8.260000000000000000e+02 8.246354864901158732e-04 8.740605461154854787e-04
8.630000000000000000e+02 8.233497744123646593e-04 8.776909213143657077e-04
9.020000000000000000e+02 8.285300490637505233e-04 8.700845256859519351e-04
9.440000000000000000e+02 8.291244707085099154e-04 8.706459239457693634e-04
9.870000000000000000e+02 8.306985873314873129e-04 8.754607392692455347e-04
1.032000000000000000e+03 8.308196731938674064e-04 8.713328111618092158e-04
1.079000000000000000e+03 8.358348306715453636e-04 8.743643616094261923e-04
1.128000000000000000e+03 8.316232432178158719e-04 8.774861760452545671e-04
1.179000000000000000e+03 8.380848267223225522e-04 8.749257598180324152e-04
1.233000000000000000e+03 8.354715730023939708e-04 8.774113229481362566e-04
1.289000000000000000e+03 8.402027290339504672e-04 8.764646514303881236e-04
1.348000000000000000e+03 8.409886865437991117e-04 8.743225319437405432e-04
1.409000000000000000e+03 8.388267529926168083e-04 8.748288911342816214e-04
1.474000000000000000e+03 8.356917291377207466e-04 8.777173400677938837e-04
1.541000000000000000e+03 8.301878249851099827e-04 8.739262507764921500e-04
1.611000000000000000e+03 8.303001046481138124e-04 8.790074552212624953e-04
1.685000000000000000e+03 8.280214883074697284e-04 8.760947890924607575e-04
1.761000000000000000e+03 8.269867542764365977e-04 8.813873433218663480e-04
1.842000000000000000e+03 8.279334258386707385e-04 8.791241379367819046e-04
1.926000000000000000e+03 8.234950775587160030e-04 8.755862283554553425e-04
2.013000000000000000e+03 8.218505109305692833e-04 8.737655368167730882e-04
2.105000000000000000e+03 8.255381266856231560e-04 8.793641081509821940e-04
2.201000000000000000e+03 8.243757021388701785e-04 8.779022712085779055e-04
2.302000000000000000e+03 8.264143482906063497e-04 8.775588276072286958e-04
2.406000000000000000e+03 8.271496698908150248e-04 8.757227251567803288e-04
2.516000000000000000e+03 8.284640021940283807e-04 8.773606870477153666e-04
2.631000000000000000e+03 8.274821056846426133e-04 8.779903336773002423e-04
2.751000000000000000e+03 8.307602310063777040e-04 8.817836244905430691e-04
2.876000000000000000e+03 8.283935522155127596e-04 8.817858260248621731e-04
3.007000000000000000e+03 8.259806406259980263e-04 8.822481540253387889e-04
3.144000000000000000e+03 8.272971745095506401e-04 8.804186562283857582e-04
3.288000000000000000e+03 8.259189968938500511e-04 8.807268748522457382e-04
3.438000000000000000e+03 8.240058397758939475e-04 8.801632750304936009e-04
3.594000000000000000e+03 8.268106293859995692e-04 8.758680282377374763e-04
3.758000000000000000e+03 8.218240922155651239e-04 8.786706162546198320e-04
3.930000000000000000e+03 8.243316709485156921e-04 8.797229627649263669e-04
4.109000000000000000e+03 8.259718343699272046e-04 8.824551008207091830e-04
4.296000000000000000e+03 8.263020686512182866e-04 8.845906156344917216e-04
4.492000000000000000e+03 8.251924815488052628e-04 8.849846951466216983e-04
4.697000000000000000e+03 8.226408715685227819e-04 8.796194893160380959e-04
4.911000000000000000e+03 8.232793244427119572e-04 8.838641002264966372e-04
5.135000000000000000e+03 8.220156280766399010e-04 8.787322599477328426e-04
5.369000000000000000e+03 8.262778514203710997e-04 8.863452602870517576e-04
5.613000000000000000e+03 8.242458100124069008e-04 8.882958439375920022e-04
5.869000000000000000e+03 8.229446870817517775e-04 8.855328840049016877e-04
6.137000000000000000e+03 8.262051998989280261e-04 8.852048513774755760e-04
6.417000000000000000e+03 8.206308457624995672e-04 8.827853350607895236e-04
6.709000000000000000e+03 8.215026642039819586e-04 8.839587673899247265e-04
7.015000000000000000e+03 8.189532557845930275e-04 8.828623897147981842e-04
7.335000000000000000e+03 8.226959106316888938e-04 8.864333227315935671e-04
7.669000000000000000e+03 8.209632815967389486e-04 8.887009312941876807e-04
8.019000000000000000e+03 8.160361865648912668e-04 8.871686444013610756e-04
8.385000000000000000e+03 8.161352568528577271e-04 8.880536721470196591e-04
8.767000000000000000e+03 8.209985065815835143e-04 8.889717233711378480e-04
9.166000000000000000e+03 8.158886819892740465e-04 8.870695740837052567e-04
9.584000000000000000e+03 8.163686224180276415e-04 8.886128688114966999e-04
1.002100000000000000e+04 8.187639214706927395e-04 8.876133598290065303e-04
1.047800000000000000e+04 8.152656399859407833e-04 8.911402616368974865e-04
1.095600000000000000e+04 8.190193026129509056e-04 8.873161489927963719e-04
1.145500000000000000e+04 8.127976893571751613e-04 8.876155613851226516e-04
1.197700000000000000e+04 8.136805156233301679e-04 8.870145350400806964e-04
1.252400000000000000e+04 8.093588500504982379e-04 8.858719245162771086e-04
1.309400000000000000e+04 8.081193708444605467e-04 8.845509875255936402e-04
1.369100000000000000e+04 8.125621222402148753e-04 8.840358220823860266e-04
1.431600000000000000e+04 8.062194231025593362e-04 8.877850816475486243e-04
1.496800000000000000e+04 8.094887422421172957e-04 8.883508829709393017e-04
1.565100000000000000e+04 8.108647182134092173e-04 8.873601801776864794e-04
1.636400000000000000e+04 8.113798836740992657e-04 8.888704515181378120e-04
1.711000000000000000e+04 8.090043986291244960e-04 8.867371382346381095e-04
1.789000000000000000e+04 8.127844800383332916e-04 8.915233333748737903e-04
1.870600000000000000e+04 8.044493674992574204e-04 8.875869410973888157e-04
1.955800000000000000e+04 8.100435357138140039e-04 8.886216750622290186e-04
2.045000000000000000e+04 8.053938374547554499e-04 8.922696627977158047e-04
2.138200000000000000e+04 8.030183524660398225e-04 8.870431553229944947e-04
2.235700000000000000e+04 8.046519111824070643e-04 8.931899155890310948e-04
2.337600000000000000e+04 8.065100292096017255e-04 8.937425075152844595e-04
2.444200000000000000e+04 8.067433948001622454e-04 8.928552781783306467e-04
2.555600000000000000e+04 8.049645329682128840e-04 8.903278853633788585e-04
2.672100000000000000e+04 8.086851722443529631e-04 8.925052298613629425e-04
2.794000000000000000e+04 8.077340975798881278e-04 8.938569887580932521e-04
2.921300000000000000e+04 8.051318516648925264e-04 8.961928457020583785e-04
3.054500000000000000e+04 8.049447188904888415e-04 8.974301233843874018e-04
3.193800000000000000e+04 8.036215803744232392e-04 8.974433327739517793e-04
3.339400000000000000e+04 8.000374380210693642e-04 8.991495430353935820e-04
3.491600000000000000e+04 8.030447711770648516e-04 9.014149500708261691e-04
3.650800000000000000e+04 7.999361661345785399e-04 8.988655416119981914e-04
3.817200000000000000e+04 8.008498141979492578e-04 8.940815480187910662e-04
3.991200000000000000e+04 8.047421752905068284e-04 8.949863899293534130e-04
4.173200000000000000e+04 7.996367537656090107e-04 8.951889335884980620e-04
4.363400000000000000e+04 7.993813726026304401e-04 8.972275797484286332e-04
4.562400000000000000e+04 7.977103872961561690e-04 8.974851624260103081e-04
4.770300000000000000e+04 8.008520157985818530e-04 8.946297368947177470e-04
4.987800000000000000e+04 7.988067650247347457e-04 8.949533665237889481e-04
5.215200000000000000e+04 7.940095621697005820e-04 8.974015030702509662e-04
5.453000000000000000e+04 7.949826524605755436e-04 8.989602087480701251e-04
5.701500000000000000e+04 7.934349545197349335e-04 8.968929423317310292e-04
5.961500000000000000e+04 7.937828012530091836e-04 8.985859432188188353e-04
6.233200000000000000e+04 7.934393576669155658e-04 8.962214660119695699e-04
6.517400000000000000e+04 7.924376470926781631e-04 8.978682341434466186e-04
6.814500000000000000e+04 7.917507598816102450e-04 8.940507261991142637e-04
7.125200000000000000e+04 7.912532069671626006e-04 8.956204396787727402e-04
7.450000000000000000e+04 7.892387780613178971e-04 8.979034591372169870e-04
7.789700000000000000e+04 7.903329542241812602e-04 8.943149136118331080e-04
8.144800000000000000e+04 7.869029211034733566e-04 8.919856613199812854e-04
8.516100000000000000e+04 7.875854052249477155e-04 8.927760219325036294e-04
8.904300000000000000e+04 7.861609948704840036e-04 8.971329125437862246e-04
9.310300000000000000e+04 7.853970529518350440e-04 8.987730760251236512e-04
9.734700000000000000e+04 7.878099644953261540e-04 8.939582605994409337e-04
1.017850000000000000e+05 7.896482685269877542e-04 8.958934333113268518e-04
1.064250000000000000e+05 7.927062376222761405e-04 8.979232731974217318e-04
1.112770000000000000e+05 7.855973950534968263e-04 9.007324659663858190e-04
1.163500000000000000e+05 7.836578192415869989e-04 9.018332467490858956e-04
1.216540000000000000e+05 7.816037622102796649e-04 9.022691560027734474e-04
1.272000000000000000e+05 7.821343385311810368e-04 8.966177471529148931e-04
1.329990000000000000e+05 7.850227874755838931e-04 8.993873117857453066e-04
1.390620000000000000e+05 7.842808612043817261e-04 8.976392717624390389e-04
1.454020000000000000e+05 7.840629065638775449e-04 8.983966089609511999e-04
1.520300000000000000e+05 7.844525830325490418e-04 9.033589290534679937e-04
1.589610000000000000e+05 7.886663720219570101e-04 9.005761550275992022e-04
1.662080000000000000e+05 7.840805191482081880e-04 9.015712609115680582e-04
1.737850000000000000e+05 7.833694146443607445e-04 8.955433850238194143e-04
1.817080000000000000e+05 7.813439779068468522e-04 8.966573752390328026e-04
1.899910000000000000e+05 7.833914302370204160e-04 9.005673488131101358e-04
1.986530000000000000e+05 7.840827206336496149e-04 8.984472448827404137e-04
2.077090000000000000e+05 7.866189196684935910e-04 8.966243517884414215e-04
2.171780000000000000e+05 7.802057705587027436e-04 8.999024771826785209e-04
2.270790000000000000e+05 7.836622223680603455e-04 9.005959690938181248e-04
2.374310000000000000e+05 7.796553801186777198e-04 8.991495431229013825e-04
2.482550000000000000e+05 7.802299877156641545e-04 8.995854523090702441e-04
2.595730000000000000e+05 7.800802815865962156e-04 8.959770926888309525e-04
2.714070000000000000e+05 7.821651604279408190e-04 8.970514548033300343e-04
2.837800000000000000e+05 7.817886933673390791e-04 8.947133962494697567e-04
2.967170000000000000e+05 7.803312595238963987e-04 8.980487622377966760e-04
3.102440000000000000e+05 7.845120251324936471e-04 8.983613839790242223e-04
3.243870000000000000e+05 7.803488720710442198e-04 8.980267465762478826e-04
3.391750000000000000e+05 7.738916917270253441e-04 8.962170629215700148e-04
3.546380000000000000e+05 7.804875704530737316e-04 8.973882937569120730e-04
3.708050000000000000e+05 7.831206382093716320e-04 8.949115367979444983e-04
3.877100000000000000e+05 7.828454429818989960e-04 8.954267022398980152e-04
4.053850000000000000e+05 7.797038144786953969e-04 8.986145636064126786e-04
4.238660000000000000e+05 7.803048408281929894e-04 8.940132996583643457e-04
4.431890000000000000e+05 7.804149189162533102e-04 8.953100194990001436e-04
4.633930000000000000e+05 7.802696158294284605e-04 8.912877663122710644e-04
4.845190000000000000e+05 7.827970085799453547e-04 8.946627603130264663e-04
5.066070000000000000e+05 7.819736246312152840e-04 8.969964157059396714e-04
5.297030000000000000e+05 7.795739223306021775e-04 8.923048877616753839e-04
5.538510000000000000e+05 7.757145848089443737e-04 8.942114401761442396e-04
5.791000000000000000e+05 7.835609505238411545e-04 8.909509272856716957e-04
6.055010000000000000e+05 7.771015686191346189e-04 8.930578218308266427e-04
6.331040000000000000e+05 7.801705456076523260e-04 8.925822845026921840e-04
6.619670000000000000e+05 7.777730448645200261e-04 8.888880640530171266e-04
6.921450000000000000e+05 7.796773957205059471e-04 8.921067472342047826e-04
7.236990000000000000e+05 7.784467228254597724e-04 8.896035716794660139e-04
7.566910000000000000e+05 7.799790096530931924e-04 8.903829244352498128e-04
7.911870000000000000e+05 7.790081209982619532e-04 8.946429462810981479e-04
8.272560000000000000e+05 7.809631077640905895e-04 8.871114037942523728e-04
8.649700000000000000e+05 7.836578192488483346e-04 8.896762230832706581e-04
9.044020000000000000e+05 7.797126206984370976e-04 8.912239210050332131e-04
9.456330000000000000e+05 7.818789574151374698e-04 8.888330249841271862e-04
9.887430000000000000e+05 7.800340487674760391e-04 8.871025974521975967e-04
1.033818000000000000e+06 7.758158566104148826e-04 8.854954574789508041e-04
1.080948000000000000e+06 7.813880091637157325e-04 8.875385067213352464e-04
1.130227000000000000e+06 7.794704489678380482e-04 8.834634160513428133e-04
1.181752000000000000e+06 7.805095860743761814e-04 8.823318133270698430e-04
1.235626000000000000e+06 7.783190322164897567e-04 8.820103853171136314e-04
1.291957000000000000e+06 7.777532308355953813e-04 8.786772209194612356e-04
1.350855000000000000e+06 7.758180581556605761e-04 8.802557406726863043e-04
1.412438000000000000e+06 7.777532308760244130e-04 8.805155248976914012e-04
1.476829000000000000e+06 7.762759829910592007e-04 8.764096123763035059e-04
1.544156000000000000e+06 7.755802895292146200e-04 8.739372585971737087e-04
1.614551000000000000e+06 7.777906574181824928e-04 8.716102079468467925e-04
1.688156000000000000e+06 7.768461875229961365e-04 8.714340829517275505e-04
1.765117000000000000e+06 7.768836139983519668e-04 8.699656413904287202e-04
1.845586000000000000e+06 7.799393815892861036e-04 8.710267940317940969e-04
1.929723000000000000e+06 7.777642387063365059e-04 8.742410741642815892e-04
2.017696000000000000e+06 7.792965255756989160e-04 8.696133914859838047e-04
2.109680000000000000e+06 7.760272065212449723e-04 8.679203905361466053e-04
2.205857000000000000e+06 7.792767115211108805e-04 8.669825252339913649e-04
2.306419000000000000e+06 7.757211894743346004e-04 8.689375120352416451e-04
2.411565000000000000e+06 7.783740712324693301e-04 8.647721573219947127e-04
2.521505000000000000e+06 7.760536252706478309e-04 8.602809714707706319e-04
2.636456000000000000e+06 7.737772105534231276e-04 8.594751999669220967e-04
2.756648000000000000e+06 7.723395908104536533e-04 8.560187480788381898e-04
2.882319000000000000e+06 7.703009447040546969e-04 8.572163976168774117e-04
3.013720000000000000e+06 7.782067525668759323e-04 8.531170897712853736e-04
3.151111000000000000e+06 7.712278021165246567e-04 8.540659629190369218e-04
3.294765000000000000e+06 7.730264779968750539e-04 8.480667073363383403e-04
3.444969000000000000e+06 7.715712457407914067e-04 8.515693918838999421e-04
3.602019000000000000e+06 7.726478094088177519e-04 8.438881433235155939e-04
3.766230000000000000e+06 7.739401261361211672e-04 8.451980724502460192e-04
3.937927000000000000e+06 7.720555892883140077e-04 8.385383484167616966e-04
4.117451000000000000e+06 7.686409671685512065e-04 8.386484264715060024e-04
4.305159000000000000e+06 7.730198733572469887e-04 8.381354626000555360e-04
4.501425000000000000e+06 7.691627373153957963e-04 8.322022538980142518e-04
4.706638000000000000e+06 7.725113125731793932e-04 8.352976495917813346e-04
4.921206000000000000e+06 7.697989886044051848e-04 8.262558358508970916e-04
5.145557000000000000e+06 7.725817624935476255e-04 8.273037792302886289e-04
5.380135000000000000e+06 7.698562291990954359e-04 8.258771672366897005e-04
5.625407000000000000e+06 7.683745782556204154e-04 8.216721844326052180e-04
5.881860000000000000e+06 7.647155827799431314e-04 8.181871123533272219e-04
6.150006000000000000e+06 7.661399931207602074e-04 8.166350113152094203e-04
6.430375000000000000e+06 7.651514919825213928e-04 8.221521249176045112e-04
6.723526000000000000e+06 7.736583262067481216e-04 8.148429401326997461e-04
7.030041000000000000e+06 7.686387656153128830e-04 8.142661309939077914e-04
7.350530000000000000e+06 7.703934102463442417e-04 8.125026801597853669e-04
7.685629000000000000e+06 7.664592195766609323e-04 8.013825921569820918e-04
8.036006000000000000e+06 7.621397555835978613e-04 8.034938898181462081e-04
8.402355000000000000e+06 7.635641660052865532e-04 7.987957571587619423e-04
8.785405000000000000e+06 7.631700864843884166e-04 7.995861178218747860e-04
9.185919000000000000e+06 7.699156713838985937e-04 7.949738461129938301e-04
9.604691000000000000e+06 7.642818750910132259e-04 7.938642590771239314e-04
1.004255400000000000e+07 7.650282045230930765e-04 7.896790904020311837e-04
1.050037900000000000e+07 7.643787438535362948e-04 7.866035086935590408e-04
1.097907500000000000e+07 7.649885764517503489e-04 7.860553198706769513e-04
1.147959400000000000e+07 7.654288887020132019e-04 7.865902993570289548e-04
1.200293100000000000e+07 7.595683316123875766e-04 7.831470569652408892e-04
1.255012700000000000e+07 7.627583944948040017e-04 7.771654139118366802e-04
1.312226800000000000e+07 7.606823218510621243e-04 7.770113046095429707e-04
1.372049200000000000e+07 7.619988557144932468e-04 7.754261802028073868e-04
1.434598800000000000e+07 7.605722437496848735e-04 7.749396350354387187e-04
1.500000000000000000e+07 7.602288001620549412e-04 7.716483003792105411e-04
