0.000000000000000000e+00 8.872403441699503205e-04 8.920708696819481089e-04
3.200000000000000000e+01 8.965471247098705026e-04 8.976514271927567160e-04
6.400000000000000000e+01 8.949209914069315968e-04 8.999254605029291792e-04
9.600000000000000000e+01 8.991195749854093101e-04 9.029830379335437819e-04
1.280000000000000000e+02 8.952577079438172811e-04 8.989583979479835339e-04
1.600000000000000000e+02 8.890643582543449833e-04 8.983392225679193415e-04
1.920000000000000000e+02 8.849822689926387966e-04 8.965758493546749580e-04
2.240000000000000000e+02 8.845992739063147491e-04 8.958529460666728519e-04
2.560000000000000000e+02 8.784458195668021696e-04 8.929804830131635694e-04
2.880000000000000000e+02 8.755430359614319686e-04 8.959024162917534175e-04
3.200000000000000000e+02 8.708194300328820237e-04 8.907096412784280912e-04
3.520000000000000000e+02 8.695619294681543841e-04 8.913607329322425707e-04
3.840000000000000000e+02 8.656681461429992794e-04 8.906059134367272324e-04
4.160000000000000000e+02 8.635696522417824058e-04 8.862748773802590950e-04
4.480000000000000000e+02 8.599088575968139242e-04 8.918059647836192776e-04
4.800000000000000000e+02 8.578837710840392155e-04 8.858918823180374040e-04
5.120000000000000000e+02 8.560709277538794794e-04 8.844891628124212273e-04
5.440000000000000000e+02 8.532463389555346427e-04 8.879153730068960670e-04
5.760000000000000000e+02 8.545357557031523074e-04 8.848482207167562147e-04
6.080000000000000000e+02 8.493158519501977895e-04 8.841508505179340727e-04
6.400000000000000000e+02 8.483009149426487365e-04 8.827944095641345650e-04
6.720000000000000000e+02 8.471423548484372564e-04 8.859110320295989936e-04
7.040000000000000000e+02 8.489823270568815474e-04 8.849535443836431536e-04
7.360000000000000000e+02 8.479865398218886961e-04 8.853285603511731276e-04
7.680000000000000000e+02 8.450454567763829913e-04 8.846359776026038388e-04
8.000000000000000000e+02 8.473833225974269088e-04 8.837375349479067175e-04
8.320000000000000000e+02 8.459694323876217103e-04 8.826013162203034165e-04
8.640000000000000000e+02 8.446496952085660046e-04 8.851306795673956600e-04
8.960000000000000000e+02 8.444933055042566378e-04 8.824560972522281846e-04
9.280000000000000000e+02 8.439172171038042446e-04 8.832013418315039829e-04
9.600000000000000000e+02 8.482737861466177216e-04 8.851211046892363361e-04
9.920000000000000000e+02 8.440895649139507030e-04 8.826045078761086222e-04
1.024000000000000000e+03 8.464465804830578277e-04 8.849503527342307291e-04
1.056000000000000000e+03 8.481716541171706878e-04 8.855471867562697205e-04
1.088000000000000000e+03 8.478110004275542233e-04 8.846966184589230998e-04
1.120000000000000000e+03 8.500307760820446489e-04 8.832667701844727944e-04
1.152000000000000000e+03 8.523191716835790653e-04 8.869770350372089759e-04
1.184000000000000000e+03 8.516074392061805326e-04 8.878371781751120788e-04
1.216000000000000000e+03 8.513473217176421295e-04 8.834072017011142600e-04
1.248000000000000000e+03 8.492424445650879200e-04 8.847093850015465017e-04
1.280000000000000000e+03 8.537346576819047949e-04 8.846774687629117883e-04
1.312000000000000000e+03 8.568512801724215578e-04 8.868126663200217880e-04
1.344000000000000000e+03 8.535000731638987511e-04 8.855918694995863977e-04
1.376000000000000000e+03 8.529926047149849087e-04 8.820810812168957847e-04
1.408000000000000000e+03 8.570842688325568375e-04 8.838572209565909599e-04
1.440000000000000000e+03 8.551692934381865344e-04 8.887818993835539059e-04
1.472000000000000000e+03 8.561203978542493648e-04 8.883510299193410993e-04
1.504000000000000000e+03 8.566390370534327729e-04 8.872355567646788470e-04
1.536000000000000000e+03 8.571544845920296436e-04 8.835444416170005599e-04
1.568000000000000000e+03 8.566805281844168483e-04 8.866482976322580039e-04
1.600000000000000000e+03 8.559065589520196797e-04 8.853301561739183433e-04
1.632000000000000000e+03 8.551405688089905787e-04 8.866642557676106566e-04
1.664000000000000000e+03 8.541798894566921593e-04 8.870328885129476247e-04
1.696000000000000000e+03 8.613881760965978480e-04 8.860371012940352264e-04
1.728000000000000000e+03 8.529495177622682623e-04 8.837359391441604100e-04
1.760000000000000000e+03 8.548405559515619622e-04 8.867408547731398666e-04
1.792000000000000000e+03 8.557597441716861776e-04 8.847333221808943368e-04
1.824000000000000000e+03 8.504760078897231294e-04 8.878770735448500298e-04
1.856000000000000000e+03 8.491594622907954262e-04 8.823954563685190494e-04
1.888000000000000000e+03 8.524197079259517853e-04 8.858743283652100592e-04
1.920000000000000000e+03 8.501009918420207416e-04 8.844205428594912113e-04
1.952000000000000000e+03 8.494084091079015910e-04 8.864695665786152682e-04
1.984000000000000000e+03 8.525010943431219398e-04 8.800607821732116167e-04
2.016000000000000000e+03 8.502908935883172386e-04 8.848865201973167387e-04
2.048000000000000000e+03 8.486184816987224532e-04 8.798118353695959628e-04
2.080000000000000000e+03 8.455720750444326375e-04 8.829172871433501029e-04
2.112000000000000000e+03 8.469364949642081393e-04 8.850461015189500487e-04
2.144000000000000000e+03 8.430459033147325336e-04 8.840566975303347421e-04
2.176000000000000000e+03 8.458369800018665334e-04 8.836481694406983500e-04
2.208000000000000000e+03 8.439283878158874508e-04 8.836721066149360150e-04
2.240000000000000000e+03 8.419208552914483586e-04 8.823715191979364467e-04
2.272000000000000000e+03 8.440161575170520864e-04 8.812576417869494132e-04
2.304000000000000000e+03 8.415234978462257784e-04 8.865892525363620663e-04
2.336000000000000000e+03 8.419224510567187162e-04 8.834167765837468937e-04
2.368000000000000000e+03 8.446385245064367501e-04 8.836226364566664810e-04
2.400000000000000000e+03 8.423708744585214903e-04 8.821209765426960090e-04
2.432000000000000000e+03 8.393547881822677713e-04 8.838827539500745782e-04
2.464000000000000000e+03 8.405995222053619939e-04 8.874557789012079562e-04
2.496000000000000000e+03 8.432070803985667164e-04 8.824385432772355190e-04
2.528000000000000000e+03 8.438980673595329260e-04 8.809209252710269947e-04
2.560000000000000000e+03 8.417229744409191654e-04 8.834008184620395759e-04
2.592000000000000000e+03 8.394585160074861550e-04 8.811555097876565355e-04
2.624000000000000000e+03 8.413048714886387077e-04 8.832891115281357860e-04
2.656000000000000000e+03 8.452146129701352097e-04 8.823380071066029388e-04
2.688000000000000000e+03 8.416703126224496121e-04 8.817028735918224121e-04
2.720000000000000000e+03 8.466843565813555886e-04 8.819725659395022573e-04
2.752000000000000000e+03 8.441182895127934431e-04 8.810501861237619945e-04
2.784000000000000000e+03 8.435406052944585892e-04 8.819789491964216081e-04
2.816000000000000000e+03 8.434895392834583852e-04 8.865988273829173306e-04
2.848000000000000000e+03 8.432294217816505401e-04 8.805028223430487119e-04
2.880000000000000000e+03 8.433778323748853528e-04 8.805953794466600407e-04
2.912000000000000000e+03 8.429677084576432666e-04 8.808906048369647508e-04
2.944000000000000000e+03 8.448443843753840376e-04 8.833896477897411684e-04
2.976000000000000000e+03 8.438310432005640760e-04 8.820507608502117184e-04
3.008000000000000000e+03 8.435549676061095429e-04 8.803671782574312319e-04
3.040000000000000000e+03 8.411516734956763809e-04 8.843152192216743347e-04
3.072000000000000000e+03 8.441901011417302786e-04 8.824193935589320350e-04
3.104000000000000000e+03 8.443496823814820385e-04 8.824959925672363689e-04
3.136000000000000000e+03 8.460667769961454027e-04 8.823124741114267726e-04
3.168000000000000000e+03 8.458449590069284495e-04 8.848753495175869926e-04
3.200000000000000000e+03 8.416336089391757190e-04 8.822965160095731481e-04
3.232000000000000000e+03 8.462024210993361736e-04 8.808602844653755370e-04
3.264000000000000000e+03 8.450183279292269650e-04 8.826523822655577955e-04
3.296000000000000000e+03 8.459103873419462341e-04 8.818832004385386775e-04
3.328000000000000000e+03 8.465040297197395664e-04 8.839290325261435488e-04
3.360000000000000000e+03 8.428783429565830845e-04 8.848689662647829480e-04
3.392000000000000000e+03 8.450486484164141396e-04 8.868270286291939303e-04
3.424000000000000000e+03 8.431799515881281725e-04 8.806256999157632652e-04
3.456000000000000000e+03 8.444310688356109103e-04 8.859397567080922126e-04
3.488000000000000000e+03 8.456742070620851780e-04 8.813709445453523326e-04
3.520000000000000000e+03 8.407096332455749315e-04 8.780149501235836370e-04
3.552000000000000000e+03 8.412490180870742327e-04 8.832061292671012417e-04
3.584000000000000000e+03 8.391664823034263856e-04 8.854306924166694499e-04
3.616000000000000000e+03 8.429405796840144707e-04 8.827752597934276869e-04
3.648000000000000000e+03 8.424522609281083745e-04 8.807549607537550670e-04
3.680000000000000000e+03 8.445459673665261157e-04 8.775298230079276980e-04
3.712000000000000000e+03 8.419112803676437979e-04 8.850301433519651472e-04
3.744000000000000000e+03 8.427506779384530628e-04 8.801581267738151039e-04
3.776000000000000000e+03 8.393101054476753437e-04 8.846662980745451793e-04
3.808000000000000000e+03 8.392095692057895389e-04 8.836066783326501379e-04
3.840000000000000000e+03 8.405851598723693878e-04 8.836497652768332458e-04
3.872000000000000000e+03 8.384387916382222581e-04 8.809432666613314965e-04
3.904000000000000000e+03 8.357530386203770303e-04 8.800240785108847264e-04
3.936000000000000000e+03 8.378020623267389434e-04 8.791926599883919486e-04
3.968000000000000000e+03 8.422655508357238495e-04 8.812544502081245132e-04
4.000000000000000000e+03 8.359509194342629006e-04 8.807741105529004596e-04
4.032000000000000000e+03 8.391744613633838430e-04 8.788623267299770607e-04
4.064000000000000000e+03 8.396165015307231532e-04 8.808443262629531622e-04
4.096000000000000000e+03 8.374972620557065428e-04 8.794256486625951852e-04
4.128000000000000000e+03 8.362988066021696809e-04 8.792533008950420429e-04
4.160000000000000000e+03 8.372610817578713662e-04 8.811267851443296308e-04
4.192000000000000000e+03 8.369530898901773137e-04 8.814283937898916097e-04
4.224000000000000000e+03 8.361535876598115077e-04 8.762914722316441588e-04
4.256000000000000000e+03 8.353540854286092398e-04 8.807358110174501407e-04
4.288000000000000000e+03 8.387914662723249763e-04 8.828438797708651172e-04
4.320000000000000000e+03 8.383334679605078258e-04 8.791735102385758033e-04
4.352000000000000000e+03 8.373983216909528958e-04 8.818784130114886181e-04
4.384000000000000000e+03 8.391281827567346249e-04 8.824018396134681577e-04
4.416000000000000000e+03 8.362780610285194555e-04 8.811985966966723533e-04
4.448000000000000000e+03 8.392079734295114935e-04 8.768101114096410638e-04
4.480000000000000000e+03 8.361472044088803139e-04 8.807900686344229081e-04
4.512000000000000000e+03 8.379057901116104779e-04 8.786676375372850850e-04
4.544000000000000000e+03 8.389909428878259377e-04 8.813597738080402840e-04
4.576000000000000000e+03 8.376983344708726579e-04 8.799889705916064944e-04
4.608000000000000000e+03 8.396755465560379631e-04 8.820236320069927555e-04
4.640000000000000000e+03 8.407527202499625934e-04 8.781298485777461107e-04
4.672000000000000000e+03 8.346216073137533407e-04 8.815927625209031343e-04
4.704000000000000000e+03 8.373807677089274443e-04 8.826316366922765241e-04
4.736000000000000000e+03 8.365493492750490038e-04 8.781011239862660791e-04
4.768000000000000000e+03 8.378100413885804188e-04 8.819230957824215509e-04
4.800000000000000000e+03 8.372754440807070580e-04 8.812879622732451568e-04
4.832000000000000000e+03 8.393723421292972366e-04 8.795485262552407354e-04
4.864000000000000000e+03 8.372850189425233352e-04 8.821353388625982834e-04
4.896000000000000000e+03 8.389670056656271802e-04 8.818704339671065923e-04
4.928000000000000000e+03 8.398670441184974845e-04 8.827321729159277831e-04
4.960000000000000000e+03 8.409250680519273369e-04 8.795804425180380869e-04
4.992000000000000000e+03 8.393468091399512590e-04 8.806895324458912343e-04
5.024000000000000000e+03 8.389271103714825151e-04 8.814666933068068420e-04
5.056000000000000000e+03 8.335843289768979760e-04 8.800543989443678980e-04
5.088000000000000000e+03 8.401191825385974756e-04 8.817714935522432892e-04
5.120000000000000000e+03 8.400154547473475796e-04 8.814108398468546105e-04
5.152000000000000000e+03 8.363706182186210611e-04 8.790697823739168550e-04
5.184000000000000000e+03 8.381898448285728023e-04 8.841907458733994779e-04
5.216000000000000000e+03 8.336146494534511873e-04 8.793187291852157077e-04
5.248000000000000000e+03 8.368046792936917376e-04 8.800129078021329482e-04
5.280000000000000000e+03 8.382552731719188858e-04 8.823890731717818096e-04
5.312000000000000000e+03 8.371924618166403254e-04 8.805012265195266653e-04
5.344000000000000000e+03 8.356572898546709306e-04 8.806241041148843473e-04
5.376000000000000000e+03 8.360769885720535860e-04 8.780085668633779610e-04
5.408000000000000000e+03 8.359748565979566995e-04 8.820603356814519765e-04
5.440000000000000000e+03 8.353349356510377357e-04 8.826124869615546969e-04
5.472000000000000000e+03 8.358136794915578842e-04 8.787585988679622647e-04
5.504000000000000000e+03 8.334566639404398418e-04 8.801677016229607440e-04
5.536000000000000000e+03 8.365828612998158593e-04 8.825390795617817519e-04
5.568000000000000000e+03 8.358264460107940694e-04 8.796474666355422753e-04
5.600000000000000000e+03 8.362557196311557134e-04 8.794607565526991631e-04
5.632000000000000000e+03 8.337183772821359822e-04 8.799825873659377533e-04
5.664000000000000000e+03 8.345529873830881754e-04 8.792820255281020951e-04
5.696000000000000000e+03 8.325422631798178085e-04 8.784968855651720688e-04
5.728000000000000000e+03 8.335603917784427039e-04 8.823587526708155096e-04
5.760000000000000000e+03 8.357434637602283644e-04 8.809927369058858510e-04
5.792000000000000000e+03 8.302219513389056749e-04 8.773287505723043143e-04
5.824000000000000000e+03 8.333481486939949738e-04 8.778090902515078842e-04
5.856000000000000000e+03 8.324241730413877620e-04 8.824943967652272786e-04
5.888000000000000000e+03 8.332699538714841668e-04 8.828502630487047994e-04
5.920000000000000000e+03 8.338779585087743168e-04 8.759595431639781438e-04
5.952000000000000000e+03 8.322645917317684962e-04 8.753451551775891237e-04
5.984000000000000000e+03 8.344492595594167313e-04 8.784043284087429638e-04
6.016000000000000000e+03 8.308171895356530933e-04 8.809560331733859266e-04
6.048000000000000000e+03 8.309544294501769847e-04 8.784250740137049479e-04
6.080000000000000000e+03 8.340790309570245359e-04 8.813964775353490483e-04
6.112000000000000000e+03 8.359541110051943750e-04 8.774771611902512387e-04
6.144000000000000000e+03 8.303863200254103750e-04 8.783404959117179639e-04
6.176000000000000000e+03 8.324193856149363991e-04 8.794320318794656257e-04
6.208000000000000000e+03 8.327816350964159899e-04 8.784537986191478772e-04
6.240000000000000000e+03 8.319837287324036374e-04 8.791767018627219803e-04
6.272000000000000000e+03 8.312049720734676107e-04 8.780500579676642084e-04
6.304000000000000000e+03 8.320140491066070794e-04 8.759435850597702827e-04
6.336000000000000000e+03 8.319119171407563093e-04 8.790857405167641636e-04
6.368000000000000000e+03 8.324704516270416219e-04 8.765882934321647191e-04
6.400000000000000000e+03 8.296059675629314373e-04 8.781617648287115638e-04
