1.000000000000000000e+01 8.733411098099619308e-04 8.808083032095686323e-04
1.000000000000000000e+01 8.821689134932891646e-04 8.808876477209648739e-04
1.100000000000000000e+01 8.871088395418391019e-04 8.850840869199809360e-04
1.100000000000000000e+01 8.842818265156978958e-04 8.828036689432848094e-04
1.200000000000000000e+01 8.794359382432827884e-04 8.789128527139854988e-04
1.200000000000000000e+01 8.841437084616013365e-04 8.807318975037636312e-04
1.300000000000000000e+01 8.841407696936166242e-04 8.834002215673160407e-04
1.300000000000000000e+01 8.804350905275100175e-04 8.887809500594299290e-04
1.400000000000000000e+01 8.808847090529127021e-04 8.843494162269823367e-04
1.400000000000000000e+01 8.822100549858040213e-04 8.849753556531589176e-04
1.500000000000000000e+01 8.813519596370947761e-04 8.814724455689749516e-04
1.600000000000000000e+01 8.840878734019923116e-04 8.797562547685813241e-04
1.600000000000000000e+01 8.836382548906188779e-04 8.822511965606662015e-04
1.700000000000000000e+01 8.820660595068742895e-04 8.822982155298238075e-04
1.800000000000000000e+01 8.841819112818334646e-04 8.785866589040650923e-04
1.900000000000000000e+01 8.840584866403567669e-04 8.879757510814136924e-04
1.900000000000000000e+01 8.790568481904058448e-04 8.800383682452927450e-04
2.000000000000000000e+01 8.818574130113459317e-04 8.835442170417750650e-04
2.100000000000000000e+01 8.828448105641142343e-04 8.827860369082060794e-04
2.200000000000000000e+01 8.813225727096442785e-04 8.800971419170487914e-04
2.300000000000000000e+01 8.831122307102204838e-04 8.829652965179204472e-04
2.400000000000000000e+01 8.802910950440456100e-04 8.832444713684386821e-04
2.500000000000000000e+01 8.826302866471939616e-04 8.819103093108144470e-04
2.600000000000000000e+01 8.806848785368604068e-04 8.821101397452281619e-04
2.700000000000000000e+01 8.836294389142093728e-04 8.840673026699213434e-04
2.800000000000000000e+01 8.879375480923291106e-04 8.822218097654543250e-04
2.900000000000000000e+01 8.817163562584765489e-04 8.791156218411194786e-04
3.000000000000000000e+01 8.797621321394372747e-04 8.841172602878106385e-04
3.200000000000000000e+01 8.840937507782898729e-04 8.819220640817119865e-04
3.300000000000000000e+01 8.829770512437126826e-04 8.837763730316565251e-04
3.400000000000000000e+01 8.852751013584980212e-04 8.825862064361651282e-04
3.600000000000000000e+01 8.814430587368340649e-04 8.825127394137673121e-04
3.700000000000000000e+01 8.837322927159191321e-04 8.788070601538996605e-04
3.900000000000000000e+01 8.791832115457488698e-04 8.852809787263686211e-04
4.000000000000000000e+01 8.764737458841708427e-04 8.825832678117452633e-04
4.200000000000000000e+01 8.803586847708701375e-04 8.800560004051971889e-04
4.400000000000000000e+01 8.815841155437197010e-04 8.793977354100531362e-04
4.600000000000000000e+01 8.795035279850440440e-04 8.802558309072002840e-04
4.800000000000000000e+01 8.831886363654774860e-04 8.828624426514494489e-04
5.000000000000000000e+01 8.838469014471200553e-04 8.847490770960169575e-04
5.200000000000000000e+01 8.795035280415663221e-04 8.796534008218631021e-04
5.400000000000000000e+01 8.792890041274836234e-04 8.790039519144822976e-04
5.600000000000000000e+01 8.851898795679477572e-04 8.840408544800357725e-04
5.900000000000000000e+01 8.810816007257341606e-04 8.804850480964685096e-04
6.100000000000000000e+01 8.795299760845243925e-04 8.844111284952616177e-04
6.400000000000000000e+01 8.804409678576246862e-04 8.826155932066047198e-04
6.600000000000000000e+01 8.796827876547619546e-04 8.826919990213979517e-04
6.900000000000000000e+01 8.793330844135029264e-04 8.823158475467833507e-04
7.200000000000000000e+01 8.779519033616451154e-04 8.829799899528948228e-04
7.500000000000000000e+01 8.814136719445127797e-04 8.844405153985830876e-04
7.800000000000000000e+01 8.819573282404003000e-04 8.803733781705530819e-04
8.100000000000000000e+01 8.801999958518900123e-04 8.790245226654673895e-04
8.500000000000000000e+01 8.757802166512607817e-04 8.797915189144191314e-04
8.800000000000000000e+01 8.750778713872501549e-04 8.843817416687512097e-04
9.200000000000000000e+01 8.750837488311905476e-04 8.822247483698993911e-04
9.600000000000000000e+01 8.755686315056922112e-04 8.815047710467991847e-04
1.000000000000000000e+02 8.755862635942528996e-04 8.834090376741496461e-04
1.040000000000000000e+02 8.707491914626957217e-04 8.840731800007437793e-04
1.090000000000000000e+02 8.712869704166456737e-04 8.870294950383092892e-04
1.130000000000000000e+02 8.722009008523478549e-04 8.836265001617871900e-04
1.180000000000000000e+02 8.721597593002326700e-04 8.862654374932846680e-04
1.230000000000000000e+02 8.682924525164455393e-04 8.838233919689803290e-04
1.280000000000000000e+02 8.685598726884434040e-04 8.828565652814284424e-04
1.340000000000000000e+02 8.657681238946267040e-04 8.798179671127034744e-04
1.390000000000000000e+02 8.718071172798424638e-04 8.825127393268282841e-04
1.450000000000000000e+02 8.695825343348808495e-04 8.779577807557639247e-04
1.510000000000000000e+02 8.709284511654113254e-04 8.813431435780591993e-04
1.570000000000000000e+02 8.664704690755809392e-04 8.820836916075748980e-04
1.640000000000000000e+02 8.700762330922770429e-04 8.825685743532703719e-04
1.710000000000000000e+02 8.683453488033453325e-04 8.866974239184788635e-04
1.780000000000000000e+02 8.641430321505523451e-04 8.863124564068724674e-04
1.860000000000000000e+02 8.616128261832966791e-04 8.848196054884981121e-04
1.930000000000000000e+02 8.622975392667496779e-04 8.823070315716541800e-04
2.010000000000000000e+02 8.581216707806350224e-04 8.791332539630872548e-04
2.100000000000000000e+02 8.585830440477318273e-04 8.818897385540364628e-04
2.190000000000000000e+02 8.577278872774624086e-04 8.843288453980789957e-04
2.280000000000000000e+02 8.592795119125238830e-04 8.814665682275649563e-04
2.370000000000000000e+02 8.577367033767799992e-04 8.814695069120930980e-04
2.470000000000000000e+02 8.570990091755461204e-04 8.792978202434292975e-04
2.580000000000000000e+02 8.549508319134508250e-04 8.879845670357484075e-04
2.690000000000000000e+02 8.520767999631241769e-04 8.816135023301336021e-04
2.800000000000000000e+02 8.511951950938420261e-04 8.780077383156942653e-04
2.920000000000000000e+02 8.524294419251076532e-04 8.881109304484037688e-04
3.040000000000000000e+02 8.477569360604319312e-04 8.806790011567128436e-04
3.170000000000000000e+02 8.472456051736833521e-04 8.812931859110702910e-04
3.300000000000000000e+02 8.474718838128857557e-04 8.774200018080025986e-04
3.440000000000000000e+02 8.465755854972596348e-04 8.849782943715643656e-04
3.580000000000000000e+02 8.452355460849639854e-04 8.856835782666878541e-04
3.730000000000000000e+02 8.456645937437368881e-04 8.815547286567797670e-04
3.890000000000000000e+02 8.428992931145958900e-04 8.783016066662133105e-04
4.050000000000000000e+02 8.395374398585751363e-04 8.828007303157625000e-04
4.220000000000000000e+02 8.411977956965030609e-04 8.846227138130876872e-04
4.400000000000000000e+02 8.369984177553807829e-04 8.818397809362398670e-04
4.590000000000000000e+02 8.350559483220270458e-04 8.839879582007265871e-04
4.780000000000000000e+02 8.352763495921982110e-04 8.825950223750692611e-04
4.980000000000000000e+02 8.361902799781892890e-04 8.837793116843230008e-04
5.190000000000000000e+02 8.321437134708181563e-04 8.788922820007258720e-04
5.410000000000000000e+02 8.315824250966570748e-04 8.813813464383665839e-04
5.630000000000000000e+02 8.330018089399300043e-04 8.801647316532204427e-04
5.870000000000000000e+02 8.296428943566718471e-04 8.801059580381869266e-04
6.120000000000000000e+02 8.305186219238758216e-04 8.810639686159308075e-04
6.370000000000000000e+02 8.232747683911537974e-04 8.827977916137831485e-04
6.640000000000000000e+02 8.270891789187005292e-04 8.814107332484918782e-04
6.920000000000000000e+02 8.266219282537812805e-04 8.831386788318851266e-04
7.210000000000000000e+02 8.284086475577445013e-04 8.824422110296990243e-04
7.510000000000000000e+02 8.333867764004116059e-04 8.818956158911882542e-04
7.830000000000000000e+02 8.311181131460150659e-04 8.752688858155480926e-04
8.160000000000000000e+02 8.289640586119774272e-04 8.837940051442570114e-04
8.500000000000000000e+02 8.320908172781817189e-04 8.788099988124957462e-04
8.860000000000000000e+02 8.336218710015524513e-04 8.814871389475607312e-04
9.230000000000000000e+02 8.336982768010971385e-04 8.830740278010061487e-04
9.620000000000000000e+02 8.382973156582881370e-04 8.866533436351611754e-04
1.002000000000000000e+03 8.404043513310843413e-04 8.817163562986555635e-04
1.044000000000000000e+03 8.409127434430841959e-04 8.855043185887129849e-04
1.088000000000000000e+03 8.424408585627716226e-04 8.869001930250986539e-04
1.134000000000000000e+03 8.416092113514937051e-04 8.794329996124064996e-04
1.181000000000000000e+03 8.435957610090591982e-04 8.821013237441810298e-04
1.231000000000000000e+03 8.392523875378130049e-04 8.862360506807989572e-04
1.283000000000000000e+03 8.440659502402083139e-04 8.822952768206526178e-04
1.336000000000000000e+03 8.437515111869108410e-04 8.829623578931162326e-04
1.393000000000000000e+03 8.474131101065915817e-04 8.839086137307497959e-04
1.451000000000000000e+03 8.418972022450162867e-04 8.861978477861422046e-04
1.512000000000000000e+03 8.469546755757136666e-04 8.812491057586834594e-04
1.575000000000000000e+03 8.354115289928643658e-04 8.829153388715845060e-04
1.642000000000000000e+03 8.398665723210351668e-04 8.854690543676564836e-04
1.711000000000000000e+03 8.340362252920855736e-04 8.875349485426368415e-04
1.782000000000000000e+03 8.323435439817278639e-04 8.874056465074011812e-04
1.857000000000000000e+03 8.318087036916572063e-04 8.780694507252110453e-04
1.935000000000000000e+03 8.352616561788186490e-04 8.859656918686983516e-04
2.017000000000000000e+03 8.264397298996877753e-04 8.840232224018207581e-04
2.101000000000000000e+03 8.322524448202006523e-04 8.840819960265285018e-04
2.189000000000000000e+03 8.338510883286727546e-04 8.833443866272310896e-04
2.281000000000000000e+03 8.348120376266196909e-04 8.854396675959445807e-04
2.377000000000000000e+03 8.327343888032403760e-04 8.838586561204878631e-04
2.477000000000000000e+03 8.400546479901794357e-04 8.828947682021185154e-04
2.581000000000000000e+03 8.341508339504701778e-04 8.887780113743139329e-04
2.689000000000000000e+03 8.373598757368227704e-04 8.878934678817530400e-04
2.802000000000000000e+03 8.323024024366771235e-04 8.882813740314582460e-04
2.920000000000000000e+03 8.306361692008725449e-04 8.880286473227089064e-04
3.043000000000000000e+03 8.329077711041058332e-04 8.865328576899677562e-04
3.170000000000000000e+03 8.279737225048313222e-04 8.851311058825980923e-04
3.304000000000000000e+03 8.316764629542334857e-04 8.858452058821666888e-04
3.442000000000000000e+03 8.302776499012589273e-04 8.847608317641430815e-04
3.587000000000000000e+03 8.273154574905037216e-04 8.914522128697506239e-04
3.737000000000000000e+03 8.348061602980844879e-04 8.848695631727697452e-04
3.894000000000000000e+03 8.295312243692332587e-04 8.876877600717104997e-04
4.058000000000000000e+03 8.326756151836465971e-04 8.870559431855682591e-04
4.228000000000000000e+03 8.294371865541500920e-04 8.924895679613364897e-04
4.406000000000000000e+03 8.276269578220287566e-04 8.885252847042644309e-04
4.591000000000000000e+03 8.299308852718444282e-04 8.912435663849116322e-04
4.784000000000000000e+03 8.278062174889285006e-04 8.888661719202383370e-04
4.985000000000000000e+03 8.324875395174708738e-04 8.912876467240668163e-04
5.194000000000000000e+03 8.330929081352360767e-04 8.899476072757967968e-04
5.412000000000000000e+03 8.289523038980863706e-04 8.914316421877109238e-04
5.639000000000000000e+03 8.307184523073503574e-04 8.916255952162921092e-04
5.876000000000000000e+03 8.315677317281211988e-04 8.869472119774668472e-04
6.123000000000000000e+03 8.320614304178419263e-04 8.914786610761196457e-04
6.380000000000000000e+03 8.278796845723756809e-04 8.947170897032439164e-04
6.648000000000000000e+03 8.306567399485487602e-04 8.945260753223334199e-04
6.927000000000000000e+03 8.312621086429446138e-04 8.956251427446486118e-04
7.218000000000000000e+03 8.304422161213915370e-04 8.922515347547930109e-04
7.521000000000000000e+03 8.227840084378219626e-04 8.965008702731169701e-04
7.837000000000000000e+03 8.266660085189390158e-04 8.914375195475191796e-04
8.166000000000000000e+03 8.280383734953494649e-04 8.963715682283729651e-04
8.509000000000000000e+03 8.247382325427874252e-04 8.952196044389080457e-04
8.866000000000000000e+03 8.243444490494614271e-04 8.966860072676060590e-04
9.239000000000000000e+03 8.280736376649366123e-04 8.923103083370607447e-04
9.627000000000000000e+03 8.241798827976747760e-04 8.864858387206609640e-04
1.003100000000000000e+04 8.202214768791156159e-04 8.912229956750631222e-04
1.045200000000000000e+04 8.213322990265858577e-04 8.960835773199342554e-04
1.089100000000000000e+04 8.190136781688868786e-04 8.964303418953304412e-04
1.134800000000000000e+04 8.177353510841476377e-04 8.935092910574384721e-04
1.182500000000000000e+04 8.170682700689707719e-04 8.952196045231291957e-04
1.232200000000000000e+04 8.146174084629965095e-04 8.930655498307008954e-04
1.283900000000000000e+04 8.183319037407610960e-04 8.916667367842227680e-04
1.337800000000000000e+04 8.169419066966250717e-04 8.915609441850522003e-04
1.394000000000000000e+04 8.190136781714281401e-04 8.931507717085198934e-04
1.452500000000000000e+04 8.156577022693559630e-04 8.947494151647694465e-04
1.513500000000000000e+04 8.193457492726169021e-04 8.969093472077340140e-04
1.577100000000000000e+04 8.123134810964226281e-04 8.908762310399810647e-04
1.643300000000000000e+04 8.105679034214322747e-04 8.931860359735281077e-04
1.712300000000000000e+04 8.121136505857352904e-04 8.946112971428269627e-04
1.784200000000000000e+04 8.146644273777450557e-04 8.912288730390966222e-04
1.859200000000000000e+04 8.124898020208134834e-04 8.965537665869765345e-04
1.937200000000000000e+04 8.101388557218687590e-04 9.001889174126530150e-04
2.018600000000000000e+04 8.126484909344786327e-04 8.980524949201735153e-04
2.103300000000000000e+04 8.135506665628469258e-04 8.955046567412428601e-04
2.191700000000000000e+04 8.126749390556430247e-04 9.022636275853761819e-04
2.283700000000000000e+04 8.129717460650650934e-04 9.011939470407062756e-04
2.379600000000000000e+04 8.149906212066403014e-04 8.949845098321613330e-04
2.479500000000000000e+04 8.123105424079235960e-04 9.001947947704074665e-04
2.583700000000000000e+04 8.073941258466049622e-04 9.008853853016252728e-04
2.692200000000000000e+04 8.102828511696479529e-04 9.017376033428752295e-04
2.805200000000000000e+04 8.116140745217999709e-04 8.976910368173260379e-04
2.923000000000000000e+04 8.093571660514679552e-04 9.007560832072083285e-04
3.045800000000000000e+04 8.079583529200692589e-04 9.041561393904349936e-04
3.173700000000000000e+04 8.094776520643255646e-04 9.044647011719522114e-04
3.306900000000000000e+04 8.077614612316426617e-04 8.989723026744706087e-04
3.445800000000000000e+04 8.079230887501585856e-04 9.022724436470671867e-04
3.590500000000000000e+04 8.065977427204831405e-04 9.012057017078770006e-04
3.741300000000000000e+04 8.067681863862587741e-04 9.045381681782341211e-04
3.898400000000000000e+04 8.059894354183346453e-04 9.045558002695526945e-04
4.062100000000000000e+04 8.045436033614475129e-04 9.034508555786279968e-04
4.232700000000000000e+04 8.050872597677282815e-04 9.013908387158094376e-04
4.410400000000000000e+04 8.040998622445942601e-04 9.046292674210266224e-04
4.595700000000000000e+04 8.062186526591325064e-04 9.036036669558038465e-04
4.788600000000000000e+04 8.052048070629388423e-04 9.063660290592951470e-04
4.989700000000000000e+04 8.053017835743651355e-04 9.030041756825948852e-04
5.199300000000000000e+04 8.010289385836591057e-04 9.065217792423641875e-04
5.417600000000000000e+04 8.013551324000523076e-04 9.041149978722984879e-04
5.645100000000000000e+04 8.042321030239077580e-04 9.002858939183472397e-04
5.882200000000000000e+04 8.035415125576458048e-04 9.053110418310978368e-04
6.129200000000000000e+04 8.011317924927734016e-04 9.026427177010644268e-04
6.386600000000000000e+04 7.968971504462331323e-04 9.051376594729291505e-04
6.654800000000000000e+04 7.955189080823961119e-04 9.051788011207644253e-04
6.934200000000000000e+04 7.968971503732502799e-04 9.045234747260557338e-04
7.225400000000000000e+04 7.925537771365812013e-04 9.024281938036739963e-04
7.528900000000000000e+04 7.987749688412968275e-04 9.013203103295875989e-04
7.845000000000000000e+04 7.926037346415315413e-04 9.063072553109848863e-04
8.174500000000000000e+04 7.932561223019681364e-04 9.000449219169267146e-04
8.517700000000000000e+04 7.939055711579889830e-04 9.058811463373783951e-04
8.875400000000000000e+04 7.947401571847358733e-04 9.034890583733324763e-04
9.248100000000000000e+04 7.919395922943028724e-04 9.033803270279867903e-04
9.636500000000000000e+04 7.921688095784628573e-04 9.014025934820228984e-04
1.004120000000000000e+05 7.943199254939728362e-04 9.044235595993203435e-04
1.046280000000000000e+05 7.954042994839517332e-04 9.019844527093848338e-04
1.090220000000000000e+05 7.867498783026154229e-04 9.041708328052184889e-04
1.136000000000000000e+05 7.929005416497038501e-04 9.048584846029145753e-04
1.183710000000000000e+05 7.894475892565006687e-04 9.086846498501196688e-04
1.233420000000000000e+05 7.920101207212656676e-04 9.051259048124766842e-04
1.285210000000000000e+05 7.882456678766457244e-04 9.078089223287506664e-04
1.339180000000000000e+05 7.912137376023493452e-04 9.008942012845580971e-04
1.395420000000000000e+05 7.915428700940681976e-04 9.031481711445032935e-04
1.454020000000000000e+05 7.900206323562598051e-04 9.022988917833655231e-04
1.515080000000000000e+05 7.898384340544267962e-04 9.038505163651453997e-04
1.578700000000000000e+05 7.910315392843302821e-04 9.046439607741900294e-04
1.645000000000000000e+05 7.849514043298035657e-04 9.044411916237595807e-04
1.714080000000000000e+05 7.889832772984565947e-04 9.046498381360175032e-04
1.786060000000000000e+05 7.880340827410699201e-04 9.046762862846117765e-04
1.861060000000000000e+05 7.873699403858347434e-04 9.099953024862376949e-04
1.939220000000000000e+05 7.918161676796185450e-04 9.071712281439111170e-04
2.020650000000000000e+05 7.864060523473572623e-04 9.110855538398213984e-04
2.105510000000000000e+05 7.846252105024458271e-04 9.049319517074399469e-04
2.193920000000000000e+05 7.886247579428368876e-04 9.082350313612428880e-04
2.286060000000000000e+05 7.911902281691325601e-04 9.038446389520405841e-04
2.382060000000000000e+05 7.878048654194955277e-04 9.006326585358472242e-04
2.482090000000000000e+05 7.864765807401977215e-04 9.041267526074980203e-04
2.586320000000000000e+05 7.889450743795819098e-04 9.046380833840106687e-04
2.694930000000000000e+05 7.808166774578127614e-04 9.046233900399759187e-04
2.808100000000000000e+05 7.847897767850314094e-04 9.058458821317226604e-04
2.926020000000000000e+05 7.837494830315212824e-04 9.018551506288337511e-04
3.048900000000000000e+05 7.904379253492839139e-04 9.018110703728330789e-04
3.176930000000000000e+05 7.896768064884278045e-04 9.039092900118181036e-04
3.310340000000000000e+05 7.894828534097043287e-04 9.023312172586930554e-04
3.449350000000000000e+05 7.860328396819933009e-04 9.029718501617999254e-04
3.594210000000000000e+05 7.857301553104679374e-04 9.060515899425672934e-04
3.745140000000000000e+05 7.881075497885511871e-04 9.038358229114196391e-04
3.902410000000000000e+05 7.805962762224576048e-04 9.043089509194405639e-04
4.066290000000000000e+05 7.825828258619260290e-04 9.049789706446991324e-04
4.237050000000000000e+05 7.866029441592488998e-04 8.992867417411960339e-04
4.414980000000000000e+05 7.900147550001200558e-04 9.057694763409453740e-04
4.600380000000000000e+05 7.877607852100747829e-04 8.980583722336692078e-04
4.793570000000000000e+05 7.835525912708799900e-04 9.018110704014589436e-04
4.994870000000000000e+05 7.857477873847572725e-04 9.006209038011735299e-04
5.204620000000000000e+05 7.850807063650728362e-04 8.994424919341802117e-04
5.423180000000000000e+05 7.847192483604197065e-04 9.004622149654412664e-04
5.650920000000000000e+05 7.913929973068379448e-04 8.970856681888969477e-04
5.888220000000000000e+05 7.828355525771411166e-04 8.976675274489624322e-04
6.135490000000000000e+05 7.833586382365037440e-04 8.981259619631664021e-04
6.393140000000000000e+05 7.854539190890664395e-04 8.992749870065646235e-04
6.661620000000000000e+05 7.884631303884924187e-04 8.954958407198409165e-04
6.941360000000000000e+05 7.838964171286500523e-04 8.969681208866350612e-04
7.232860000000000000e+05 7.851218478979834397e-04 8.996599544743793348e-04
7.536590000000000000e+05 7.879165354064667165e-04 9.000067190351109274e-04
7.853080000000000000e+05 7.813221308795148925e-04 8.939383386920893943e-04
8.182860000000000000e+05 7.834820628705919292e-04 8.945730942068717568e-04
8.526490000000000000e+05 7.821155752845709592e-04 8.998832944035393923e-04
8.884550000000000000e+05 7.862326700321047674e-04 8.908968018643280461e-04
9.257640000000000000e+05 7.850748290363044214e-04 8.920428882045605820e-04
9.646410000000000000e+05 7.827532694283138252e-04 8.934828428781144399e-04
1.005150000000000000e+06 7.839169879181984808e-04 8.905382825168215322e-04
1.047360000000000000e+06 7.810635267834665921e-04 8.879875057116983416e-04
1.091342000000000000e+06 7.838347048331688978e-04 8.918841993218639330e-04
1.137172000000000000e+06 7.860945519326275168e-04 8.886428319972988895e-04
1.184926000000000000e+06 7.805375025451452391e-04 8.904148578758585295e-04
1.234685000000000000e+06 7.828120431579925053e-04 8.898653241240128860e-04
1.286534000000000000e+06 7.835290817899585262e-04 8.902943718220864911e-04
1.340561000000000000e+06 7.825240521941944326e-04 8.876025382577662970e-04
1.396856000000000000e+06 7.837906245182901929e-04 8.882519871667944383e-04
1.455515000000000000e+06 7.842020401811865141e-04 8.855572149475577238e-04
1.516638000000000000e+06 7.777545698778200308e-04 8.755304286354712072e-04
1.580327000000000000e+06 7.841315118071744182e-04 8.790333386941326203e-04
1.646691000000000000e+06 7.793297038465702656e-04 8.771408268924585794e-04
1.715841000000000000e+06 7.882662386110982512e-04 8.782369556439436568e-04
1.787896000000000000e+06 7.785656463661336278e-04 8.779019457794265055e-04
1.862976000000000000e+06 7.816571407234054226e-04 8.845286758943427582e-04
1.941210000000000000e+06 7.804464034133366595e-04 8.768469586365529788e-04
2.022728000000000000e+06 7.835937327813215876e-04 8.748133900809966935e-04
2.107670000000000000e+06 7.784128347933910166e-04 8.766089252632524838e-04
2.196179000000000000e+06 7.775782488637990493e-04 8.695090672677271678e-04
2.288405000000000000e+06 7.790123261238845586e-04 8.682865751212239880e-04
2.384504000000000000e+06 7.820597403196036766e-04 8.695619635226497189e-04
2.484638000000000000e+06 7.809577342578232547e-04 8.714309658528643452e-04
2.588977000000000000e+06 7.790857932182003237e-04 8.681014381994216558e-04
2.697698000000000000e+06 7.802436342424416780e-04 8.634583190465126238e-04
2.810985000000000000e+06 7.816777115900817169e-04 8.651539391044168591e-04
2.929028000000000000e+06 7.865941280422455864e-04 8.588827896264079279e-04
3.052029000000000000e+06 7.764115917221027030e-04 8.606930184036347842e-04
3.180195000000000000e+06 7.767319081955813623e-04 8.569785231207823623e-04
3.313744000000000000e+06 7.807079461538651670e-04 8.598496163749021681e-04
3.452900000000000000e+06 7.729909648387424132e-04 8.486179701580794923e-04
3.597900000000000000e+06 7.749628210813081126e-04 8.509395296968235052e-04
3.748990000000000000e+06 7.807579037615331461e-04 8.496347543610058891e-04
3.906424000000000000e+06 7.725766105122147545e-04 8.477980775854382671e-04
4.070469000000000000e+06 7.736874326884986448e-04 8.434047465305210666e-04
4.241403000000000000e+06 7.765585259042554747e-04 8.438249781869984869e-04
4.419516000000000000e+06 7.745602215115854252e-04 8.371571066117079003e-04
4.605108000000000000e+06 7.727411768198242650e-04 8.357906190385123914e-04
4.798493000000000000e+06 7.761970679536072141e-04 8.379005934344386716e-04
5.000000000000000000e+06 7.762088226160111359e-04 8.349677878709063639e-04
