0.000000000000000000e+00 8.869176143292663642e-04 8.925794541299685546e-04
3.200000000000000000e+01 8.949482408498744520e-04 8.945569870712641531e-04
6.400000000000000000e+01 8.928502130696939869e-04 8.958115509425650536e-04
9.600000000000000000e+01 8.910427905269104097e-04 9.003818492609909699e-04
1.280000000000000000e+02 8.871274171216352250e-04 8.984780308723237666e-04
1.600000000000000000e+02 8.825996463414953778e-04 8.975140721350365232e-04
1.920000000000000000e+02 8.781058977304363310e-04 8.923923326958771310e-04
2.240000000000000000e+02 8.744981405057690492e-04 8.919231115913217730e-04
2.560000000000000000e+02 8.659954577172042454e-04 8.889093231493580853e-04
2.880000000000000000e+02 8.650811145810538127e-04 8.884443547848449012e-04
3.200000000000000000e+02 8.633559120161016405e-04 8.879510347385583804e-04
3.520000000000000000e+02 8.543315574920714445e-04 8.887080258762648788e-04
3.840000000000000000e+02 8.515332421277463674e-04 8.838726388962378456e-04
4.160000000000000000e+02 8.509009986346064607e-04 8.857424352724081957e-04
4.480000000000000000e+02 8.444850029213240607e-04 8.857240066876005116e-04
4.800000000000000000e+02 8.457665009924996216e-04 8.826308332622575040e-04
5.120000000000000000e+02 8.416498303129567142e-04 8.808347513785434128e-04
5.440000000000000000e+02 8.380732599688249474e-04 8.817661056147406678e-04
5.760000000000000000e+02 8.387891411146521309e-04 8.818412377026073421e-04
6.080000000000000000e+02 8.410516088714261457e-04 8.819305456490822946e-04
6.400000000000000000e+02 8.321392437024323352e-04 8.813153131343640610e-04
6.720000000000000000e+02 8.381186227650797406e-04 8.795886930637378514e-04
7.040000000000000000e+02 8.400181884662299200e-04 8.836302316451693497e-04
7.360000000000000000e+02 8.366755199041743399e-04 8.819433038845507110e-04
7.680000000000000000e+02 8.373984889235311585e-04 8.857651166281092434e-04
8.000000000000000000e+02 8.363367167587748606e-04 8.803414313856525479e-04
8.320000000000000000e+02 8.389946911162529013e-04 8.792612305568227619e-04
8.640000000000000000e+02 8.397360887794168673e-04 8.857636990756251024e-04
8.960000000000000000e+02 8.410416857747930177e-04 8.825741298017684110e-04
9.280000000000000000e+02 8.439718366851216855e-04 8.837762429994709852e-04
9.600000000000000000e+02 8.436883193931376873e-04 8.825741297993517243e-04
9.920000000000000000e+02 8.452845216033094472e-04 8.831723512512145227e-04
1.024000000000000000e+03 8.467658993068845775e-04 8.866270091562119962e-04
1.056000000000000000e+03 8.494111154185637067e-04 8.824947449884367693e-04
1.088000000000000000e+03 8.492154884407577360e-04 8.852122579617497473e-04
1.120000000000000000e+03 8.468963172465365265e-04 8.832092085103436822e-04
1.152000000000000000e+03 8.479949466221872387e-04 8.859253039063642388e-04
1.184000000000000000e+03 8.522675518165945653e-04 8.853894563201127619e-04
1.216000000000000000e+03 8.505692834018545225e-04 8.856857318201030943e-04
1.248000000000000000e+03 8.535136101951254104e-04 8.855680722049956606e-04
1.280000000000000000e+03 8.508783171990963153e-04 8.871316699154741013e-04
1.312000000000000000e+03 8.527013332370100146e-04 8.861492825412016191e-04
1.344000000000000000e+03 8.530883342829948413e-04 8.864866681131239844e-04
1.376000000000000000e+03 8.532981370435807492e-04 8.866638664000491346e-04
1.408000000000000000e+03 8.516381434791251131e-04 8.857523583742331341e-04
1.440000000000000000e+03 8.524461676943774577e-04 8.854645883400286913e-04
1.472000000000000000e+03 8.507167123596735868e-04 8.827144708872421142e-04
1.504000000000000000e+03 8.495769729870164761e-04 8.828179546487351049e-04
1.536000000000000000e+03 8.503864148032496502e-04 8.857367649603808783e-04
1.568000000000000000e+03 8.513773076193384805e-04 8.864696570367237198e-04
1.600000000000000000e+03 8.467829103302481654e-04 8.843333544601245056e-04
1.632000000000000000e+03 8.474080659032996515e-04 8.842894092731462064e-04
1.664000000000000000e+03 8.433126590471480511e-04 8.836642536912155382e-04
1.696000000000000000e+03 8.420396665232600256e-04 8.846168717200593792e-04
1.728000000000000000e+03 8.424918765622986657e-04 8.825741297929431137e-04
1.760000000000000000e+03 8.440242873961587055e-04 8.815279511054021234e-04
1.792000000000000000e+03 8.388160752189313847e-04 8.811693017892343422e-04
1.824000000000000000e+03 8.382759748574487597e-04 8.817987100673413403e-04
1.856000000000000000e+03 8.393349118258746364e-04 8.817221604303875472e-04
1.888000000000000000e+03 8.383709531533271647e-04 8.817661056082666798e-04
1.920000000000000000e+03 8.357824404951945483e-04 8.805427286188750868e-04
1.952000000000000000e+03 8.359823201890618756e-04 8.794596926364075086e-04
1.984000000000000000e+03 8.360617050335952295e-04 8.836302315979472494e-04
2.016000000000000000e+03 8.373786427217063191e-04 8.834969785243085641e-04
2.048000000000000000e+03 8.369434436710794078e-04 8.807128389889709282e-04
2.080000000000000000e+03 8.363466398688311704e-04 8.800536613447084875e-04
2.112000000000000000e+03 8.354790770489335053e-04 8.810091145342058847e-04
2.144000000000000000e+03 8.371702575844076162e-04 8.843418599464056111e-04
2.176000000000000000e+03 8.369562020168862118e-04 8.794667805995407071e-04
2.208000000000000000e+03 8.351204277437388260e-04 8.788969109194128123e-04
2.240000000000000000e+03 8.359610563859428724e-04 8.810544773187773153e-04
2.272000000000000000e+03 8.380009631132528730e-04 8.816271821707746207e-04
2.304000000000000000e+03 8.406178274286312457e-04 8.795546709408492677e-04
2.336000000000000000e+03 8.382377000243512342e-04 8.801528923740206374e-04
2.368000000000000000e+03 8.384049751940125155e-04 8.807170917584150388e-04
2.400000000000000000e+03 8.387366904158259379e-04 8.809141362513222932e-04
2.432000000000000000e+03 8.398452429053854555e-04 8.804165634217833714e-04
2.464000000000000000e+03 8.397871218367970953e-04 8.807893886464565831e-04
2.496000000000000000e+03 8.375317420579019706e-04 8.814159617703624374e-04
2.528000000000000000e+03 8.388387566166149089e-04 8.822069749542194245e-04
2.560000000000000000e+03 8.404689808724433034e-04 8.831666809307359579e-04
2.592000000000000000e+03 8.424479313725396048e-04 8.822537553066724016e-04
2.624000000000000000e+03 8.434274835413904138e-04 8.850123782821549658e-04
2.656000000000000000e+03 8.437677043012725090e-04 8.825273494670726054e-04
2.688000000000000000e+03 8.411054771335595278e-04 8.827158884563191020e-04
2.720000000000000000e+03 8.416852700082629295e-04 8.810672355788185233e-04
2.752000000000000000e+03 8.421332272418682353e-04 8.825202615716160656e-04
2.784000000000000000e+03 8.433721976635588083e-04 8.816399404418836898e-04
2.816000000000000000e+03 8.400380346223688651e-04 8.848621141382109669e-04
2.848000000000000000e+03 8.397828691165489835e-04 8.835877040297408867e-04
2.880000000000000000e+03 8.404207829288782303e-04 8.820156008502035667e-04
2.912000000000000000e+03 8.399657377142970109e-04 8.808248283205664291e-04
2.944000000000000000e+03 8.399359684076682792e-04 8.804690140992051366e-04
2.976000000000000000e+03 8.382915682998184599e-04 8.824323711875444029e-04
3.008000000000000000e+03 8.385098765650092489e-04 8.805795858628821197e-04
3.040000000000000000e+03 8.394596594276410462e-04 8.815392918306647540e-04
3.072000000000000000e+03 8.379896223958932088e-04 8.820382821962183522e-04
3.104000000000000000e+03 8.391364497995483940e-04 8.820382822170998692e-04
3.136000000000000000e+03 8.371986092198011693e-04 8.779726446368771656e-04
3.168000000000000000e+03 8.364430356961627963e-04 8.805143768833657630e-04
3.200000000000000000e+03 8.357980339808502614e-04 8.766316079339706371e-04
3.232000000000000000e+03 8.342982276314671970e-04 8.808063997077858953e-04
3.264000000000000000e+03 8.359511332850900296e-04 8.833864067599199107e-04
3.296000000000000000e+03 8.364756402466560830e-04 8.821261725065150444e-04
3.328000000000000000e+03 8.320797050459464300e-04 8.801401340859056404e-04
3.360000000000000000e+03 8.323561343642886003e-04 8.781356670464119697e-04
3.392000000000000000e+03 8.329501030469282485e-04 8.785737012166001990e-04
3.424000000000000000e+03 8.312518346318255400e-04 8.790074826304363842e-04
3.456000000000000000e+03 8.313071204867042603e-04 8.806759817433226301e-04
3.488000000000000000e+03 8.355315277289544285e-04 8.789309329085327489e-04
3.520000000000000000e+03 8.326906847298888624e-04 8.810714883406981553e-04
3.552000000000000000e+03 8.341649745652414188e-04 8.799530127061480330e-04
3.584000000000000000e+03 8.356959677673115065e-04 8.796921767796366714e-04
3.616000000000000000e+03 8.354337143243150939e-04 8.811693017999702206e-04
3.648000000000000000e+03 8.355853960092924325e-04 8.791520764132047718e-04
3.680000000000000000e+03 8.347008221618598201e-04 8.777557539134468907e-04
3.712000000000000000e+03 8.337893141604772913e-04 8.788430425836484417e-04
3.744000000000000000e+03 8.344314807445015608e-04 8.786686795156805783e-04
3.776000000000000000e+03 8.356959677272046997e-04 8.820935680991241930e-04
3.808000000000000000e+03 8.376621599538077714e-04 8.819064466197325258e-04
3.840000000000000000e+03 8.327431354452088062e-04 8.828590646890542961e-04
3.872000000000000000e+03 8.337255227588350305e-04 8.801798265224857918e-04
3.904000000000000000e+03 8.337538744805227282e-04 8.794256706021348884e-04
3.936000000000000000e+03 8.338077428055554489e-04 8.814669949284608189e-04
3.968000000000000000e+03 8.344768435550645701e-04 8.816229293818095584e-04
4.000000000000000000e+03 8.351643728873322332e-04 8.813890276722728939e-04
4.032000000000000000e+03 8.335213903188518287e-04 8.815109400583820030e-04
4.064000000000000000e+03 8.354408022484379392e-04 8.796978471613207257e-04
4.096000000000000000e+03 8.350580538907112970e-04 8.790542629680285274e-04
4.128000000000000000e+03 8.335724234402621096e-04 8.807383555547591879e-04
4.160000000000000000e+03 8.365252557741816378e-04 8.806972455211284400e-04
4.192000000000000000e+03 8.319025067752415948e-04 8.766982344805215616e-04
4.224000000000000000e+03 8.336277093412593209e-04 8.778564024867476986e-04
4.256000000000000000e+03 8.368725643795737893e-04 8.810785762408061394e-04
4.288000000000000000e+03 8.361637712319862706e-04 8.795064730462079502e-04
4.320000000000000000e+03 8.364260246845150971e-04 8.801869144300435458e-04
4.352000000000000000e+03 8.347022397311055098e-04 8.811650489996696077e-04
4.384000000000000000e+03 8.344995248861433864e-04 8.809552462783587067e-04
4.416000000000000000e+03 8.343180738511994784e-04 8.809864331403788676e-04
4.448000000000000000e+03 8.345122831974349396e-04 8.790755267753273469e-04
4.480000000000000000e+03 8.319237705556897138e-04 8.776990504318738602e-04
4.512000000000000000e+03 8.301305238874238891e-04 8.806221134751785395e-04
4.544000000000000000e+03 8.320952985381604820e-04 8.805200472538481657e-04
4.576000000000000000e+03 8.309470535774255481e-04 8.812118293899801058e-04
4.608000000000000000e+03 8.310987353150850292e-04 8.794171650615464214e-04
4.640000000000000000e+03 8.319804739895784486e-04 8.782093815076295450e-04
4.672000000000000000e+03 8.310959001802238838e-04 8.808517624887292601e-04
4.704000000000000000e+03 8.302510187212959469e-04 8.788402074215725208e-04
4.736000000000000000e+03 8.285484975173643520e-04 8.781314142821456835e-04
4.768000000000000000e+03 8.310689660373868229e-04 8.776763690335015423e-04
4.800000000000000000e+03 8.287894872270276268e-04 8.811537083314176884e-04
4.832000000000000000e+03 8.315424398525708173e-04 8.791917688321362803e-04
4.864000000000000000e+03 8.307485914792274353e-04 8.775374456018927979e-04
4.896000000000000000e+03 8.298980397097123268e-04 8.776565228788419911e-04
4.928000000000000000e+03 8.275391761008336422e-04 8.801897496271681451e-04
4.960000000000000000e+03 8.303927773539789307e-04 8.805342231072518398e-04
4.992000000000000000e+03 8.310434494513263678e-04 8.809708396960799380e-04
5.024000000000000000e+03 8.280466719767620287e-04 8.798892213387398895e-04
5.056000000000000000e+03 8.310788890877054361e-04 8.765904979142710197e-04
5.088000000000000000e+03 8.303133924746947288e-04 8.754209892213177246e-04
5.120000000000000000e+03 8.304764149454912925e-04 8.764558272362590365e-04
5.152000000000000000e+03 8.298427538178012718e-04 8.801713209921385901e-04
5.184000000000000000e+03 8.318713198572895038e-04 8.784546239916558473e-04
5.216000000000000000e+03 8.320258367540305563e-04 8.778790839219912387e-04
5.248000000000000000e+03 8.285229809835097494e-04 8.750765157526115392e-04
5.280000000000000000e+03 8.342301835074735807e-04 8.789280978070153740e-04
5.312000000000000000e+03 8.307244925483376436e-04 8.773219724927075903e-04
5.344000000000000000e+03 8.298895342415367471e-04 8.789876364431234825e-04
5.376000000000000000e+03 8.313397250335689392e-04 8.817207428213669250e-04
5.408000000000000000e+03 8.281657492356640261e-04 8.800933537528415592e-04
5.440000000000000000e+03 8.314588022549379174e-04 8.783596456800342846e-04
5.472000000000000000e+03 8.294954452190151642e-04 8.786105584622391730e-04
5.504000000000000000e+03 8.315637036342360617e-04 8.782405684026059825e-04
5.536000000000000000e+03 8.281430678648418276e-04 8.794837916514629391e-04
5.568000000000000000e+03 8.294259834638488321e-04 8.787140422649485430e-04
5.600000000000000000e+03 8.301872273155509567e-04 8.758859575574436769e-04
5.632000000000000000e+03 8.290985210010468932e-04 8.787764160910936043e-04
5.664000000000000000e+03 8.282621451207218283e-04 8.786729322239440277e-04
5.696000000000000000e+03 8.293749503302822595e-04 8.782760080684635321e-04
5.728000000000000000e+03 8.298980397134316823e-04 8.778691608025114773e-04
5.760000000000000000e+03 8.317550778032704395e-04 8.766372783040551377e-04
5.792000000000000000e+03 8.280041443899626829e-04 8.747674819378558697e-04
5.824000000000000000e+03 8.291169496724768015e-04 8.769930924584622839e-04
5.856000000000000000e+03 8.286930913451500064e-04 8.807100037950484116e-04
5.888000000000000000e+03 8.267212287844906892e-04 8.781781946343511372e-04
5.920000000000000000e+03 8.291949169104307227e-04 8.791379005636816742e-04
5.952000000000000000e+03 8.277957592150678601e-04 8.785722836558790489e-04
5.984000000000000000e+03 8.260918204330838181e-04 8.809155538251581697e-04
6.016000000000000000e+03 8.275136595224962845e-04 8.796808361339672738e-04
6.048000000000000000e+03 8.273024391734185804e-04 8.762417716874989918e-04
6.080000000000000000e+03 8.279545288455444994e-04 8.770753124934293002e-04
6.112000000000000000e+03 8.275476815996296934e-04 8.758122430781862785e-04
6.144000000000000000e+03 8.311795377521662880e-04 8.775275224692863840e-04
6.176000000000000000e+03 8.297052479695148476e-04 8.760107050976652420e-04
6.208000000000000000e+03 8.275731981512920998e-04 8.760985954878763079e-04
6.240000000000000000e+03 8.280764412991572284e-04 8.782178870452243130e-04
6.272000000000000000e+03 8.247337728093171024e-04 8.782107991412907216e-04
6.304000000000000000e+03 8.278226933202677100e-04 8.741409087880260909e-04
6.336000000000000000e+03 8.285881899592169786e-04 8.754167364513299951e-04
6.368000000000000000e+03 8.286378054796651868e-04 8.771376862793107791e-04
6.400000000000000000e+03 8.252029938303746901e-04 8.780676228661625721e-04
