0.000000000000000000e+00 1.016463537129991962e-03 1.014873757771022483e-03
2.000000000000000000e+01 1.015320415087828804e-03 1.015877447843648550e-03
4.000000000000000000e+01 1.015366861518605772e-03 1.016947835869121781e-03
6.000000000000000000e+01 1.014311604204201156e-03 1.017099177777375544e-03
8.000000000000000000e+01 1.011659616202614147e-03 1.016323734425598211e-03
1.000000000000000000e+02 1.009031123681101896e-03 1.016289557082936720e-03
1.200000000000000000e+02 1.005994843325032492e-03 1.015753644763183047e-03
1.400000000000000000e+02 1.003385548045715014e-03 1.015436664395153246e-03
1.600000000000000000e+02 1.000636565914519733e-03 1.015010907389806089e-03
1.800000000000000000e+02 9.979445382926734141e-04 1.014533791689058899e-03
2.000000000000000000e+02 9.948495887655377495e-04 1.014371895354649819e-03
2.200000000000000000e+02 9.919753206091288470e-04 1.013966262434192042e-03
2.400000000000000000e+02 9.892480961259618715e-04 1.013820052921546831e-03
2.600000000000000000e+02 9.863867921811565135e-04 1.013257412760464743e-03
2.800000000000000000e+02 9.836310441031881173e-04 1.013312467247658253e-03
3.000000000000000000e+02 9.811182679622728210e-04 1.012949457526232579e-03
3.200000000000000000e+02 9.783446086321743052e-04 1.012605077357161014e-03
3.400000000000000000e+02 9.759763621013783225e-04 1.012207531144800445e-03
3.600000000000000000e+02 9.736666457216690447e-04 1.011815001467744005e-03
3.800000000000000000e+02 9.714982034113972108e-04 1.011833770042038557e-03
4.000000000000000000e+02 9.694788438154883659e-04 1.011705379084518880e-03
4.200000000000000000e+02 9.679330547624539344e-04 1.011608315435537711e-03
4.400000000000000000e+02 9.663673501591778974e-04 1.011728932487726074e-03
4.600000000000000000e+02 9.647395586501193764e-04 1.011576907034285712e-03
4.800000000000000000e+02 9.632319555297407746e-04 1.011564695877099169e-03
5.000000000000000000e+02 9.619087015210487507e-04 1.011213074739835804e-03
5.200000000000000000e+02 9.603649283462703089e-04 1.011091507674371278e-03
5.400000000000000000e+02 9.594698874729888811e-04 1.011373835692418134e-03
5.600000000000000000e+02 9.584393073651118269e-04 1.011249546021566808e-03
5.800000000000000000e+02 9.574833033838529460e-04 1.011357963506198275e-03
6.000000000000000000e+02 9.571459903967332239e-04 1.011342357785207204e-03
6.200000000000000000e+02 9.563885509765982949e-04 1.011711959674507170e-03
6.400000000000000000e+02 9.560618850941205197e-04 1.011156908045087724e-03
6.600000000000000000e+02 9.558681401172526701e-04 1.011535998498409427e-03
6.800000000000000000e+02 9.558852751304132032e-04 1.011641137269326954e-03
7.000000000000000000e+02 9.557681800793002818e-04 1.011571913667260294e-03
7.200000000000000000e+02 9.558347737621296965e-04 1.011658086913417133e-03
7.400000000000000000e+02 9.560030768935993181e-04 1.011834245048647473e-03
7.600000000000000000e+02 9.567706304907720206e-04 1.012081793277372138e-03
7.800000000000000000e+02 9.572369948080436484e-04 1.011976249009427162e-03
8.000000000000000000e+02 9.573962843948919743e-04 1.012396850449885687e-03
8.200000000000000000e+02 9.584974667795547821e-04 1.012372242759807580e-03
8.400000000000000000e+02 9.591291683348147001e-04 1.012228408284417992e-03
8.600000000000000000e+02 9.603041506084942494e-04 1.012882157123172434e-03
8.800000000000000000e+02 9.609037718014530821e-04 1.012742887351206472e-03
9.000000000000000000e+02 9.619104625208994667e-04 1.012862890375052340e-03
9.200000000000000000e+02 9.629576331176592811e-04 1.012934222545888024e-03
9.400000000000000000e+02 9.636792616374485233e-04 1.013351869665603212e-03
9.600000000000000000e+02 9.648970988202368662e-04 1.013536392561795348e-03
9.800000000000000000e+02 9.657256271120157054e-04 1.013449396739448836e-03
1.000000000000000000e+03 9.666203783538272840e-04 1.013735084569262600e-03
1.020000000000000000e+03 9.676155414594700454e-04 1.013723336832614329e-03
1.040000000000000000e+03 9.686295542427273818e-04 1.013760202021937642e-03
1.060000000000000000e+03 9.693252195634119873e-04 1.013904882244805791e-03
1.080000000000000000e+03 9.699518234850873413e-04 1.014095626569115399e-03
1.100000000000000000e+03 9.709140604882292476e-04 1.014625271110484658e-03
1.120000000000000000e+03 9.716786481898557560e-04 1.014576009394298380e-03
1.140000000000000000e+03 9.725408440631607646e-04 1.014800073738530636e-03
1.160000000000000000e+03 9.730873571426514740e-04 1.014832930328379889e-03
1.180000000000000000e+03 9.736685225724344512e-04 1.015357338204647382e-03
1.200000000000000000e+03 9.738652913818310721e-04 1.015144824642669197e-03
1.220000000000000000e+03 9.744390999979151259e-04 1.014696985603316020e-03
1.240000000000000000e+03 9.749501149857082733e-04 1.015224104492807320e-03
1.260000000000000000e+03 9.753995528315002536e-04 1.015096976365242615e-03
1.280000000000000000e+03 9.754362674071583635e-04 1.015523324237690463e-03
1.300000000000000000e+03 9.756003186484413702e-04 1.015602071149910180e-03
1.320000000000000000e+03 9.757443732513077514e-04 1.015618522611659059e-03
1.340000000000000000e+03 9.758414600764745003e-04 1.015428299632602444e-03
1.360000000000000000e+03 9.756152755838649621e-04 1.015673681366436720e-03
1.380000000000000000e+03 9.756660897606890407e-04 1.015483608998457750e-03
1.400000000000000000e+03 9.755752359568709139e-04 1.015878872863024271e-03
1.420000000000000000e+03 9.751166802961577784e-04 1.015938770107474402e-03
1.440000000000000000e+03 9.749222633485841788e-04 1.015776282912187953e-03
1.460000000000000000e+03 9.747601700623719249e-04 1.015933278560997733e-03
1.480000000000000000e+03 9.743625079945384630e-04 1.015806231528426379e-03
1.500000000000000000e+03 9.738655115109463118e-04 1.016259643216147488e-03
1.520000000000000000e+03 9.733067756794244003e-04 1.016146487252470683e-03
1.540000000000000000e+03 9.725421879818695048e-04 1.015896899960491836e-03
1.560000000000000000e+03 9.721640591326180438e-04 1.016061067064754318e-03
1.580000000000000000e+03 9.717355795294254717e-04 1.016051821804089426e-03
1.600000000000000000e+03 9.709493384633432122e-04 1.015802802210471556e-03
1.620000000000000000e+03 9.701140094565724632e-04 1.016162880789823380e-03
1.640000000000000000e+03 9.694757041418267931e-04 1.016194891630147097e-03
1.660000000000000000e+03 9.688578357178257230e-04 1.015939407311623873e-03
1.680000000000000000e+03 9.684590151012846624e-04 1.016413730892536246e-03
1.700000000000000000e+03 9.677233101489443731e-04 1.016318613619205790e-03
1.720000000000000000e+03 9.669848246758064271e-04 1.016040421631915318e-03
1.740000000000000000e+03 9.664398872258380801e-04 1.016068609249630309e-03
1.760000000000000000e+03 9.654983304075913332e-04 1.016132306547121557e-03
1.780000000000000000e+03 9.652512687718206412e-04 1.016090135185539504e-03
1.800000000000000000e+03 9.643619743243323199e-04 1.016244999095596317e-03
1.820000000000000000e+03 9.641190950662987353e-04 1.016203708228238453e-03
1.840000000000000000e+03 9.636010476558995366e-04 1.016083264958937693e-03
1.860000000000000000e+03 9.629023353418841077e-04 1.016200788675847158e-03
1.880000000000000000e+03 9.626903315479933649e-04 1.016199896588903346e-03
1.900000000000000000e+03 9.620109786676060617e-04 1.016315925766443163e-03
1.920000000000000000e+03 9.615004850285424013e-04 1.016762501991692403e-03
1.940000000000000000e+03 9.614646509532704353e-04 1.016388903087457911e-03
1.960000000000000000e+03 9.610788872357345098e-04 1.016532714391582895e-03
1.980000000000000000e+03 9.606388568469019030e-04 1.016436878807001030e-03
2.000000000000000000e+03 9.606207949938335962e-04 1.016526736251553232e-03
2.020000000000000000e+03 9.604010752358640296e-04 1.016495826033131725e-03
2.040000000000000000e+03 9.604020831735247737e-04 1.016498432779050888e-03
2.060000000000000000e+03 9.602890430643741364e-04 1.016630137196117235e-03
2.080000000000000000e+03 9.600920425445312210e-04 1.016790376800106796e-03
2.100000000000000000e+03 9.600834344874771683e-04 1.016920250703954708e-03
2.120000000000000000e+03 9.602054186384845549e-04 1.017091009972091644e-03
2.140000000000000000e+03 9.604533955295937791e-04 1.017003098899493026e-03
2.160000000000000000e+03 9.605720430441342609e-04 1.017192047466430839e-03
2.180000000000000000e+03 9.609469974525494413e-04 1.017192452961022736e-03
2.200000000000000000e+03 9.611880114332737885e-04 1.017347745535772483e-03
2.220000000000000000e+03 9.615400496484387749e-04 1.017215774651283574e-03
2.240000000000000000e+03 9.619404574831701572e-04 1.017716432168405769e-03
2.260000000000000000e+03 9.623809281238685431e-04 1.017608072614070063e-03
2.280000000000000000e+03 9.624127072592062251e-04 1.017881491356223932e-03
2.300000000000000000e+03 9.630623548190512997e-04 1.017978879405821279e-03
2.320000000000000000e+03 9.632919570450336260e-04 1.017980640408182574e-03
2.340000000000000000e+03 9.635329826097297108e-04 1.017937600124311798e-03
2.360000000000000000e+03 9.643020307447072335e-04 1.017847916461598560e-03
2.380000000000000000e+03 9.645149266218817387e-04 1.018099380604157089e-03
2.400000000000000000e+03 9.646977811973552136e-04 1.017940577608673078e-03
2.420000000000000000e+03 9.654552669544785339e-04 1.018142872723678356e-03
2.440000000000000000e+03 9.658035166920885244e-04 1.018423173269820438e-03
2.460000000000000000e+03 9.659954195761302244e-04 1.018723621077952547e-03
2.480000000000000000e+03 9.663994073508815974e-04 1.019120947165241299e-03
2.500000000000000000e+03 9.665443308679106055e-04 1.018800722846803074e-03
2.520000000000000000e+03 9.667903266328426587e-04 1.018763927171522504e-03
2.540000000000000000e+03 9.674008266494272829e-04 1.019241042871155568e-03
2.560000000000000000e+03 9.675699176031423874e-04 1.018885111918537345e-03
2.580000000000000000e+03 9.679813896357241038e-04 1.019012552854880928e-03
2.600000000000000000e+03 9.680456662104676034e-04 1.019369074673780835e-03
2.620000000000000000e+03 9.682348349043861865e-04 1.019308099976376806e-03
2.640000000000000000e+03 9.684258109395585314e-04 1.019472081709074836e-03
2.660000000000000000e+03 9.686460172941476496e-04 1.019592073148022082e-03
2.680000000000000000e+03 9.686587729777603123e-04 1.019865839451681569e-03
2.700000000000000000e+03 9.686752939535688478e-04 1.019690735603529658e-03
2.720000000000000000e+03 9.686212474098579222e-04 1.019647950205958883e-03
2.740000000000000000e+03 9.686982912531450158e-04 1.019650533785555670e-03
2.760000000000000000e+03 9.687407754252138920e-04 1.019847418444174217e-03
2.780000000000000000e+03 9.686347677386270222e-04 1.019587728570110676e-03
2.800000000000000000e+03 9.684973400625803298e-04 1.019936719786145767e-03
2.820000000000000000e+03 9.684977919002519912e-04 1.020006383638135750e-03
2.840000000000000000e+03 9.682959949679618462e-04 1.020114511480621445e-03
2.860000000000000000e+03 9.681663875370857689e-04 1.020281088372057120e-03
2.880000000000000000e+03 9.679387664386554903e-04 1.020087945835796437e-03
2.900000000000000000e+03 9.679412225665800151e-04 1.020164190275298826e-03
2.920000000000000000e+03 9.674747192241750764e-04 1.020279350542922184e-03
2.940000000000000000e+03 9.670685533725041421e-04 1.020375742232154659e-03
2.960000000000000000e+03 9.671682816996836742e-04 1.019995759694511395e-03
2.980000000000000000e+03 9.668080177494629140e-04 1.020047604985041068e-03
3.000000000000000000e+03 9.664694535235694673e-04 1.020280451170901348e-03
3.020000000000000000e+03 9.663613604388540017e-04 1.020673768657031841e-03
3.040000000000000000e+03 9.655850481723335594e-04 1.020417531276580697e-03
3.060000000000000000e+03 9.654816819833776697e-04 1.020374780633568311e-03
3.080000000000000000e+03 9.651559661221374622e-04 1.020562141988124198e-03
3.100000000000000000e+03 9.650019016121809097e-04 1.020780656849775521e-03
3.120000000000000000e+03 9.644080616024754398e-04 1.020638444352716008e-03
3.140000000000000000e+03 9.642970142042517345e-04 1.020722358415535047e-03
3.160000000000000000e+03 9.641723769663350027e-04 1.020569661001767894e-03
3.180000000000000000e+03 9.638346121385641231e-04 1.020637274202783112e-03
3.200000000000000000e+03 9.635384625723943455e-04 1.020680812668193962e-03
3.220000000000000000e+03 9.635707746398392178e-04 1.021079146700840752e-03
3.240000000000000000e+03 9.629269777794163690e-04 1.020915709490482918e-03
3.260000000000000000e+03 9.630679042898178995e-04 1.020737790353704001e-03
3.280000000000000000e+03 9.625301846323716356e-04 1.020852533542130226e-03
3.300000000000000000e+03 9.624850937133841780e-04 1.021119522305893651e-03
3.320000000000000000e+03 9.624069955908838916e-04 1.021008301120919330e-03
3.340000000000000000e+03 9.620492804622474787e-04 1.020924607179339236e-03
3.360000000000000000e+03 9.623526130633914795e-04 1.020996692414415444e-03
3.380000000000000000e+03 9.620368607616047773e-04 1.021085680947014405e-03
3.400000000000000000e+03 9.619169156698236531e-04 1.021592293431682367e-03
3.420000000000000000e+03 9.617515552632181644e-04 1.021405812583354739e-03
3.440000000000000000e+03 9.618701796036240514e-04 1.021520880163585181e-03
3.460000000000000000e+03 9.618986684431955281e-04 1.021636990445504503e-03
3.480000000000000000e+03 9.619785623235456353e-04 1.021689774163292170e-03
3.500000000000000000e+03 9.619788403839826156e-04 1.021646212532258905e-03
3.520000000000000000e+03 9.618534384974340365e-04 1.021830689085658373e-03
3.540000000000000000e+03 9.622623153676862539e-04 1.021628336047544945e-03
3.560000000000000000e+03 9.621385238736483150e-04 1.021595896536835364e-03
3.580000000000000000e+03 9.620859371069911828e-04 1.021815477271983356e-03
3.600000000000000000e+03 9.622266550752861698e-04 1.021851241835836999e-03
3.620000000000000000e+03 9.621577906236264063e-04 1.022231050587354582e-03
3.640000000000000000e+03 9.628202170345729043e-04 1.022253827758504196e-03
3.660000000000000000e+03 9.627960843548568964e-04 1.022249355736507123e-03
3.680000000000000000e+03 9.631220087623252419e-04 1.022172949105574309e-03
3.700000000000000000e+03 9.634292688610964937e-04 1.021969599711081101e-03
3.720000000000000000e+03 9.634892819568704938e-04 1.022371652699639128e-03
3.740000000000000000e+03 9.635686776608096702e-04 1.022513471295079419e-03
3.760000000000000000e+03 9.637821296448641217e-04 1.022454941144892602e-03
3.780000000000000000e+03 9.639365880619257419e-04 1.022490114843580856e-03
3.800000000000000000e+03 9.642578087407814233e-04 1.022832571816144993e-03
3.820000000000000000e+03 9.647132594794579578e-04 1.022661673517862805e-03
3.840000000000000000e+03 9.646759424561738823e-04 1.022784711952992760e-03
3.860000000000000000e+03 9.648370162149645570e-04 1.022901772244609294e-03
3.880000000000000000e+03 9.649913587683625702e-04 1.023064456397331998e-03
3.900000000000000000e+03 9.650626446015704010e-04 1.023066344836599155e-03
3.920000000000000000e+03 9.654163511327748482e-04 1.022860203329460909e-03
3.940000000000000000e+03 9.656926314956714927e-04 1.023074477889540992e-03
3.960000000000000000e+03 9.655988928879040423e-04 1.023505969733888533e-03
3.980000000000000000e+03 9.657780053356092688e-04 1.023051793402164579e-03
4.000000000000000000e+03 9.659659923050943750e-04 1.023135962348543405e-03
4.020000000000000000e+03 9.657517177457358281e-04 1.023229052164054392e-03
4.040000000000000000e+03 9.659158385035595791e-04 1.023465107536369227e-03
4.060000000000000000e+03 9.663461138667720027e-04 1.023384588038592658e-03
4.080000000000000000e+03 9.660215681386413429e-04 1.023268014333865612e-03
4.100000000000000000e+03 9.660007373438968302e-04 1.023668619130922459e-03
4.120000000000000000e+03 9.660460947277536630e-04 1.023626992284422735e-03
4.140000000000000000e+03 9.663966731633544943e-04 1.023568995069878583e-03
4.160000000000000000e+03 9.661024699666843170e-04 1.023952511203649789e-03
4.180000000000000000e+03 9.660542741213675767e-04 1.024007287632557918e-03
4.200000000000000000e+03 9.656462314088328685e-04 1.023844603479834130e-03
4.220000000000000000e+03 9.661177976368508355e-04 1.023820378111555893e-03
4.240000000000000000e+03 9.661348978924146113e-04 1.024145734836892033e-03
4.260000000000000000e+03 9.659197891725665756e-04 1.024008353504175448e-03
4.280000000000000000e+03 9.658113948649994351e-04 1.023999861303297610e-03
4.300000000000000000e+03 9.654749392024605066e-04 1.023921172314068082e-03
4.320000000000000000e+03 9.657372821652414081e-04 1.024128738843443258e-03
4.340000000000000000e+03 9.653824518376954945e-04 1.024000220454553871e-03
4.360000000000000000e+03 9.653148618037428377e-04 1.023933059077935994e-03
4.380000000000000000e+03 9.651000890643100577e-04 1.024196317298765825e-03
4.400000000000000000e+03 9.649012580303569517e-04 1.024196873405842445e-03
4.420000000000000000e+03 9.647599028572672849e-04 1.024410394907778908e-03
4.440000000000000000e+03 9.647645486608311853e-04 1.024406664363275606e-03
4.460000000000000000e+03 9.645455819576005197e-04 1.024417728555178549e-03
4.480000000000000000e+03 9.644352876206947625e-04 1.024293450465680504e-03
4.500000000000000000e+03 9.639235890877854897e-04 1.024446228979816482e-03
4.520000000000000000e+03 9.636686608677997104e-04 1.024316598377693474e-03
4.540000000000000000e+03 9.637659098903692120e-04 1.024375070594539224e-03
4.560000000000000000e+03 9.634105002845485361e-04 1.024230923308395991e-03
4.580000000000000000e+03 9.631598239604058712e-04 1.024626152415371609e-03
4.600000000000000000e+03 9.629544007537697110e-04 1.024535229098767547e-03
4.620000000000000000e+03 9.627707467802122665e-04 1.024506635982623450e-03
4.640000000000000000e+03 9.628007069868671454e-04 1.024275643491956390e-03
4.660000000000000000e+03 9.626884662737409271e-04 1.024833881143185710e-03
4.680000000000000000e+03 9.625621607223774955e-04 1.024600409343756667e-03
4.700000000000000000e+03 9.625884830654889840e-04 1.024786287746266020e-03
4.720000000000000000e+03 9.622723252747868335e-04 1.024861408383862058e-03
4.740000000000000000e+03 9.623185631596422760e-04 1.024823083419063117e-03
4.760000000000000000e+03 9.621648230512899356e-04 1.025263194910714304e-03
4.780000000000000000e+03 9.621162448848637454e-04 1.024709081707843999e-03
4.800000000000000000e+03 9.621378634967234049e-04 1.024770195430389254e-03
