0.000000000000000000e+00 8.884589705336630493e-04 8.865841160157815568e-04
3.200000000000000000e+01 8.902416422745667050e-04 8.924951549517498757e-04
6.400000000000000000e+01 8.899863670722928631e-04 8.953017638710497866e-04
9.600000000000000000e+01 8.911719784837284592e-04 8.923788629198695522e-04
1.280000000000000000e+02 8.869712834151374575e-04 8.962774824122143533e-04
1.600000000000000000e+02 8.803369647742874870e-04 8.930780332956367046e-04
1.920000000000000000e+02 8.752442246859524176e-04 8.913336528337117981e-04
2.240000000000000000e+02 8.707357811597329043e-04 8.890049757764448756e-04
2.560000000000000000e+02 8.665620317274245902e-04 8.886731179856357816e-04
2.880000000000000000e+02 8.655068942637780902e-04 8.850482102881664787e-04
3.200000000000000000e+02 8.593306528100179030e-04 8.856268340718579475e-04
3.520000000000000000e+02 8.525970605555484999e-04 8.847546438170789335e-04
3.840000000000000000e+02 8.518113802397581438e-04 8.831832831949034584e-04
4.160000000000000000e+02 8.491792093706996333e-04 8.818827979153419372e-04
4.480000000000000000e+02 8.474135559017147287e-04 8.802632186162626235e-04
4.800000000000000000e+02 8.424796537549507098e-04 8.816615594312102872e-04
5.120000000000000000e+02 8.399893024361672258e-04 8.801086352916834060e-04
5.440000000000000000e+02 8.375812064828215119e-04 8.769460593005979363e-04
5.760000000000000000e+02 8.401963590130652384e-04 8.792818272933088227e-04
6.080000000000000000e+02 8.357857709714483800e-04 8.775445377841642729e-04
6.400000000000000000e+02 8.349291809249009171e-04 8.787457494448088413e-04
6.720000000000000000e+02 8.358155530723748510e-04 8.805709670705180736e-04
7.040000000000000000e+02 8.329607255535254572e-04 8.758682306695350379e-04
7.360000000000000000e+02 8.351263100242955692e-04 8.768708949450867594e-04
7.680000000000000000e+02 8.338158973993049436e-04 8.785642203786046605e-04
8.000000000000000000e+02 8.353262755875994578e-04 8.769106044095332239e-04
8.320000000000000000e+02 8.379995741168237136e-04 8.778324314702490088e-04
8.640000000000000000e+02 8.360793374375458846e-04 8.764397634670809123e-04
8.960000000000000000e+02 8.383371046719267049e-04 8.760837964350956563e-04
9.280000000000000000e+02 8.401282856320595530e-04 8.774608642708956732e-04
9.600000000000000000e+02 8.363913404199507145e-04 8.770495875910451272e-04
9.920000000000000000e+02 8.428100932959169339e-04 8.770354056151746618e-04
1.024000000000000000e+03 8.424555444127470715e-04 8.808928974121672372e-04
1.056000000000000000e+03 8.411578955527491833e-04 8.791470987366587593e-04
1.088000000000000000e+03 8.443615991830462396e-04 8.810758446282288383e-04
1.120000000000000000e+03 8.438368668399126105e-04 8.798391781610529578e-04
1.152000000000000000e+03 8.449005134855528971e-04 8.808546061579942748e-04
1.184000000000000000e+03 8.493267016786226146e-04 8.794123013077342855e-04
1.216000000000000000e+03 8.472660636163426105e-04 8.801965634095919571e-04
1.248000000000000000e+03 8.486048401619250385e-04 8.802632186386945496e-04
1.280000000000000000e+03 8.470334795191048361e-04 8.787712769161965497e-04
1.312000000000000000e+03 8.521886202145573718e-04 8.838625988629391804e-04
1.344000000000000000e+03 8.523999313594957062e-04 8.800689258277432639e-04
1.376000000000000000e+03 8.511902105868596234e-04 8.825465133780312785e-04
1.408000000000000000e+03 8.496996870839103669e-04 8.806971864248983603e-04
1.440000000000000000e+03 8.486729135654770334e-04 8.798320871561044788e-04
1.472000000000000000e+03 8.484644388044276352e-04 8.797243043337949495e-04
1.504000000000000000e+03 8.459783420924195472e-04 8.769786777979623332e-04
1.536000000000000000e+03 8.472064994322188675e-04 8.815353399761800433e-04
1.568000000000000000e+03 8.466193664688034977e-04 8.834031034748482088e-04
1.600000000000000000e+03 8.443658538067080844e-04 8.786932761616366881e-04
1.632000000000000000e+03 8.434837361774256753e-04 8.770651877194787479e-04
1.664000000000000000e+03 8.444594546745210015e-04 8.789712424906543850e-04
1.696000000000000000e+03 8.409962212555354821e-04 8.805440213213666873e-04
1.728000000000000000e+03 8.458563772985711569e-04 8.795016476450855450e-04
1.760000000000000000e+03 8.417124099828537584e-04 8.788506958813595109e-04
1.792000000000000000e+03 8.388405641229911437e-04 8.781969077379963478e-04
1.824000000000000000e+03 8.369699641955147870e-04 8.760809600411700437e-04
1.856000000000000000e+03 8.342697199526585838e-04 8.796307033824259320e-04
1.888000000000000000e+03 8.373245130763716125e-04 8.776948665254590692e-04
1.920000000000000000e+03 8.359275904857991265e-04 8.782564719549113517e-04
1.952000000000000000e+03 8.316914405258981659e-04 8.768042397458978470e-04
1.984000000000000000e+03 8.352525294840236611e-04 8.789102600817845588e-04
2.016000000000000000e+03 8.356992610525306895e-04 8.779770874235338527e-04
2.048000000000000000e+03 8.337308056808147901e-04 8.754895724958282159e-04
2.080000000000000000e+03 8.380974296611805449e-04 8.781869803656513823e-04
2.112000000000000000e+03 8.351887106556071154e-04 8.782210170364584999e-04
2.144000000000000000e+03 8.331479272878929664e-04 8.741309411916526988e-04
2.176000000000000000e+03 8.334868760295318290e-04 8.745053448170561237e-04
2.208000000000000000e+03 8.325990856559383445e-04 8.761476152321145744e-04
2.240000000000000000e+03 8.352482748840008931e-04 8.750116406419186123e-04
2.272000000000000000e+03 8.318204963382000742e-04 8.738657386519485624e-04
2.304000000000000000e+03 8.345703773910034037e-04 8.750697866277582860e-04
2.336000000000000000e+03 8.366919978417549459e-04 8.775374468173605200e-04
2.368000000000000000e+03 8.325976674463821505e-04 8.758029937176032816e-04
2.400000000000000000e+03 8.343491388699266972e-04 8.802306000974670190e-04
2.432000000000000000e+03 8.334911306242177203e-04 8.755392093250741409e-04
2.464000000000000000e+03 8.348795440090300574e-04 8.758483759584229566e-04
2.496000000000000000e+03 8.382491766007945386e-04 8.745266177600278471e-04
2.528000000000000000e+03 8.346157596576902994e-04 8.770850424362470034e-04
2.560000000000000000e+03 8.406487633537899472e-04 8.781018886376804229e-04
2.592000000000000000e+03 8.338513522690766842e-04 8.765702374793442591e-04
2.624000000000000000e+03 8.362395935097098176e-04 8.772736624859596736e-04
2.656000000000000000e+03 8.382775404965042264e-04 8.782550537722793671e-04
2.688000000000000000e+03 8.378081177780579217e-04 8.779203596016885115e-04
2.720000000000000000e+03 8.387455449694472889e-04 8.760483415051272763e-04
2.752000000000000000e+03 8.373812408948583122e-04 8.784933106028131565e-04
2.784000000000000000e+03 8.363870858339171903e-04 8.783571638605371925e-04
2.816000000000000000e+03 8.374365505278690567e-04 8.787032035115241403e-04
2.848000000000000000e+03 8.372294940019257272e-04 8.761632153735806304e-04
2.880000000000000000e+03 8.375528425296809845e-04 8.767943123577941113e-04
2.912000000000000000e+03 8.388831099361543754e-04 8.771729705841920747e-04
2.944000000000000000e+03 8.373840772957971950e-04 8.768113307385817226e-04
2.976000000000000000e+03 8.381910305689093408e-04 8.774594460831562290e-04
3.008000000000000000e+03 8.382236490245942957e-04 8.764681273908573418e-04
3.040000000000000000e+03 8.354071127701997871e-04 8.778437770417394422e-04
3.072000000000000000e+03 8.364835231332627902e-04 8.767333300000533080e-04
3.104000000000000000e+03 8.336031680678012475e-04 8.744613807187945863e-04
3.136000000000000000e+03 8.348823804294164914e-04 8.781359253460719510e-04
3.168000000000000000e+03 8.323835199080539078e-04 8.765588919491436055e-04
3.200000000000000000e+03 8.357403886861687180e-04 8.762383797442240170e-04
3.232000000000000000e+03 8.338442613354924522e-04 8.767928941645187308e-04
3.264000000000000000e+03 8.302987725240981156e-04 8.759788499353571420e-04
3.296000000000000000e+03 8.327664327194387065e-04 8.750981505175041029e-04
3.328000000000000000e+03 8.304292465492101255e-04 8.771290065159797426e-04
3.360000000000000000e+03 8.331791275868860158e-04 8.761717245568879280e-04
3.392000000000000000e+03 8.325508670117614737e-04 8.761064875362293549e-04
3.424000000000000000e+03 8.311454352637630055e-04 8.742968700739139508e-04
3.456000000000000000e+03 8.319353701299589182e-04 8.773417358348769863e-04
3.488000000000000000e+03 8.303781914933035246e-04 8.767531847038741296e-04
3.520000000000000000e+03 8.289316320675408668e-04 8.772750806751378541e-04
3.552000000000000000e+03 8.332500374012705635e-04 8.768439492511528139e-04
3.584000000000000000e+03 8.300676066752418151e-04 8.752626612197296008e-04
3.616000000000000000e+03 8.300718612680357735e-04 8.765886740257082706e-04
3.648000000000000000e+03 8.326047584407105439e-04 8.741380322192818198e-04
3.680000000000000000e+03 8.282253706998997378e-04 8.753193890357003010e-04
3.712000000000000000e+03 8.289302138668252573e-04 8.762795074149224610e-04
3.744000000000000000e+03 8.290195601776177920e-04 8.747705474012843234e-04
3.776000000000000000e+03 8.298123314730609977e-04 8.735707539521040364e-04
3.808000000000000000e+03 8.269390673961494846e-04 8.784592739056993910e-04
3.840000000000000000e+03 8.287174845787887443e-04 8.756072827335878786e-04
3.872000000000000000e+03 8.305696479121964107e-04 8.752442246886826555e-04
3.904000000000000000e+03 8.285756650065889814e-04 8.767035478869331403e-04
3.936000000000000000e+03 8.307001218909626809e-04 8.769276227042024398e-04
3.968000000000000000e+03 8.294464370465774901e-04 8.743138884105191308e-04
4.000000000000000000e+03 8.304306647445525375e-04 8.769006770330134296e-04
4.032000000000000000e+03 8.324530114924034172e-04 8.785457838200473862e-04
4.064000000000000000e+03 8.296421480396885904e-04 8.745805091585377245e-04
4.096000000000000000e+03 8.332557101921379307e-04 8.741635596843386549e-04
4.128000000000000000e+03 8.312971821895336890e-04 8.770552603569125270e-04
4.160000000000000000e+03 8.313992922426352832e-04 8.756867016892150649e-04
4.192000000000000000e+03 8.328132331302250417e-04 8.764851457366599173e-04
4.224000000000000000e+03 8.309241967395898177e-04 8.767049660241627495e-04
4.256000000000000000e+03 8.312333633835386612e-04 8.745790909515715810e-04
4.288000000000000000e+03 8.299938604857543803e-04 8.768694767383013525e-04
4.320000000000000000e+03 8.297400035172704941e-04 8.728517288556008821e-04
4.352000000000000000e+03 8.303625913330961667e-04 8.775856654797852723e-04
4.384000000000000000e+03 8.349972542378736751e-04 8.793399732892612838e-04
4.416000000000000000e+03 8.315269298277649891e-04 8.756923744656472559e-04
4.448000000000000000e+03 8.263802983265008039e-04 8.738572294674140564e-04
4.480000000000000000e+03 8.288309402167874738e-04 8.791428441582477184e-04
4.512000000000000000e+03 8.301853168844855512e-04 8.776750118166040801e-04
4.544000000000000000e+03 8.295442924975036329e-04 8.760029592534335956e-04
4.576000000000000000e+03 8.263462616955323699e-04 8.765177642358904430e-04
4.608000000000000000e+03 8.280424234995994006e-04 8.759263766995109557e-04
4.640000000000000000e+03 8.273801261659336674e-04 8.750088042527140496e-04
4.672000000000000000e+03 8.304561922073584604e-04 8.737934106302371572e-04
4.704000000000000000e+03 8.264965903990412026e-04 8.738246109594147203e-04
4.736000000000000000e+03 8.305668114704892495e-04 8.753491711471934065e-04
4.768000000000000000e+03 8.258456386572743824e-04 8.764340906602126726e-04
4.800000000000000000e+03 8.282253707102921409e-04 8.753434983439349094e-04
4.832000000000000000e+03 8.260853136790751762e-04 8.772637350274960959e-04
4.864000000000000000e+03 8.271744878390421309e-04 8.756058645472512836e-04
4.896000000000000000e+03 8.247890829924239484e-04 8.748499663135738888e-04
4.928000000000000000e+03 8.302420446825449062e-04 8.732303870550477479e-04
4.960000000000000000e+03 8.264384443842381521e-04 8.741607233184652557e-04
4.992000000000000000e+03 8.252741058699994805e-04 8.767957305944212073e-04
5.024000000000000000e+03 8.275914373660728544e-04 8.773786089160225858e-04
5.056000000000000000e+03 8.255435630144832134e-04 8.739777760785931654e-04
5.088000000000000000e+03 8.288522130925801874e-04 8.744089075073109649e-04
5.120000000000000000e+03 8.240260938265544371e-04 8.720745576580826068e-04
5.152000000000000000e+03 8.260909864360693571e-04 8.730531125774015477e-04
5.184000000000000000e+03 8.248585745842888220e-04 8.733835521737307126e-04
5.216000000000000000e+03 8.267773931284274919e-04 8.745067630272437571e-04
5.248000000000000000e+03 8.257208374668966681e-04 8.734317707882271152e-04
5.280000000000000000e+03 8.268327027162216932e-04 8.736388273383064113e-04
5.312000000000000000e+03 8.256910553529821055e-04 8.729084566503928855e-04
5.344000000000000000e+03 8.258314567054369929e-04 8.745039266174494362e-04
5.376000000000000000e+03 8.248188650648350349e-04 8.759987047035100753e-04
5.408000000000000000e+03 8.247749010171587930e-04 8.718391372274487093e-04
5.440000000000000000e+03 8.277658753950355944e-04 8.741905054540578986e-04
5.472000000000000000e+03 8.251351226904757872e-04 8.757037200244315988e-04
5.504000000000000000e+03 8.283033714763036711e-04 8.724418703695639146e-04
5.536000000000000000e+03 8.225823707961098328e-04 8.742103601540589675e-04
5.568000000000000000e+03 8.271276873838713777e-04 8.730772219627929700e-04
5.600000000000000000e+03 8.238162009255467098e-04 8.729892938061059766e-04
5.632000000000000000e+03 8.286082835244868664e-04 8.746102912963013738e-04
5.664000000000000000e+03 8.252655967142144382e-04 8.750130588065872100e-04
5.696000000000000000e+03 8.255719269035119391e-04 8.685219779025302482e-04
5.728000000000000000e+03 8.258782571771726205e-04 8.757320839487721387e-04
5.760000000000000000e+03 8.264356080099181674e-04 8.710832390921495428e-04
5.792000000000000000e+03 8.234744157798252117e-04 8.746188004714750951e-04
5.824000000000000000e+03 8.241154401584376314e-04 8.725269620676942691e-04
5.856000000000000000e+03 8.257463649710736859e-04 8.742245421101724505e-04
5.888000000000000000e+03 8.273134709679218733e-04 8.751180052839937617e-04
5.920000000000000000e+03 8.251138497769684504e-04 8.728035101989138362e-04
5.952000000000000000e+03 8.271673968529791527e-04 8.743394159248234643e-04
5.984000000000000000e+03 8.265632455663798331e-04 8.749066941511431973e-04
6.016000000000000000e+03 8.243040601075335210e-04 8.712775318136427652e-04
6.048000000000000000e+03 8.271149236179361434e-04 8.730672946382536225e-04
6.080000000000000000e+03 8.250457764105836650e-04 8.744174167047344664e-04
6.112000000000000000e+03 8.232787047764566915e-04 8.727581279543996338e-04
6.144000000000000000e+03 8.221739304900499640e-04 8.699742101414438804e-04
6.176000000000000000e+03 8.216321798156197339e-04 8.720461937897122694e-04
6.208000000000000000e+03 8.232049586365206570e-04 8.730814765408488262e-04
6.240000000000000000e+03 8.232092132142496263e-04 8.731850047898683269e-04
6.272000000000000000e+03 8.209883190344608849e-04 8.714930975574008368e-04
6.304000000000000000e+03 8.253889797020442414e-04 8.730134031260386928e-04
6.336000000000000000e+03 8.236332536524405704e-04 8.740288311332765694e-04
6.368000000000000000e+03 8.227426268807144435e-04 8.707726542298787308e-04
6.400000000000000000e+03 8.228901192210573467e-04 8.699756283478428777e-04
