0.000000000000000000e+00 8.859780833370766535e-04 8.889471663130964988e-04
3.200000000000000000e+01 8.909621217536145945e-04 8.935011361339732306e-04
6.400000000000000000e+01 8.916702169087972448e-04 8.946100150634903872e-04
9.600000000000000000e+01 8.909018786865186609e-04 8.950526741367336543e-04
1.280000000000000000e+02 8.881861991063745186e-04 8.946265500359505251e-04
1.600000000000000000e+02 8.862565083255786579e-04 8.943221472092354905e-04
1.920000000000000000e+02 8.822069148543857861e-04 8.925340993647022875e-04
2.240000000000000000e+02 8.782321072691759130e-04 8.918044888361926093e-04
2.560000000000000000e+02 8.753572537052393271e-04 8.907030606080606301e-04
2.880000000000000000e+02 8.712554655248937316e-04 8.889760527073689404e-04
3.200000000000000000e+02 8.687835871025935712e-04 8.882409836430056908e-04
3.520000000000000000e+02 8.653594537951478415e-04 8.869347210012178519e-04
3.840000000000000000e+02 8.614941754425519543e-04 8.861860255233216990e-04
4.160000000000000000e+02 8.590143682147685297e-04 8.853535794231573138e-04
4.480000000000000000e+02 8.564804139403375859e-04 8.843887738800784585e-04
4.800000000000000000e+02 8.539619985558763102e-04 8.829228192923611277e-04
5.120000000000000000e+02 8.523827694705453850e-04 8.827021670939602703e-04
5.440000000000000000e+02 8.496130225413422044e-04 8.821134026350211516e-04
5.760000000000000000e+02 8.482615377684106419e-04 8.814654708658871927e-04
6.080000000000000000e+02 8.466993217726595349e-04 8.811511868983579491e-04
6.400000000000000000e+02 8.451682233906694435e-04 8.810609816615514421e-04
6.720000000000000000e+02 8.444788545991943228e-04 8.806991646470907530e-04
7.040000000000000000e+02 8.435103037870196347e-04 8.798799863695025382e-04
7.360000000000000000e+02 8.424970487975323068e-04 8.795696070445656236e-04
7.680000000000000000e+02 8.425505583481770078e-04 8.797956779338643755e-04
8.000000000000000000e+02 8.418709511666731902e-04 8.797976302690690108e-04
8.320000000000000000e+02 8.420600474745569986e-04 8.797035203843749313e-04
8.640000000000000000e+02 8.419399597553479941e-04 8.797213303463933360e-04
8.960000000000000000e+02 8.422476695696617206e-04 8.797116882678622258e-04
9.280000000000000000e+02 8.422968362040829469e-04 8.796407671898896340e-04
9.600000000000000000e+02 8.427930845287164843e-04 8.799477598317664720e-04
9.920000000000000000e+02 8.431637865900697354e-04 8.802461463067583767e-04
1.024000000000000000e+03 8.435098655113190723e-04 8.805768457117346855e-04
1.056000000000000000e+03 8.446334466048993454e-04 8.803516513842800937e-04
1.088000000000000000e+03 8.451739608275549501e-04 8.799099883810977858e-04
1.120000000000000000e+03 8.458991487543545372e-04 8.810975976623981526e-04
1.152000000000000000e+03 8.472338196550224278e-04 8.809639233854633759e-04
1.184000000000000000e+03 8.469167068232313130e-04 8.806506753581526143e-04
1.216000000000000000e+03 8.479164549364977526e-04 8.813217560771311474e-04
1.248000000000000000e+03 8.488752441376028407e-04 8.814568647095520886e-04
1.280000000000000000e+03 8.500006978680835863e-04 8.816531328108542570e-04
1.312000000000000000e+03 8.501468032498078970e-04 8.822582728635835298e-04
1.344000000000000000e+03 8.510490548073127576e-04 8.820312855838795957e-04
1.376000000000000000e+03 8.514577673947926932e-04 8.821813753048816844e-04
1.408000000000000000e+03 8.515841105007193167e-04 8.820885005599291744e-04
1.440000000000000000e+03 8.522710090093203478e-04 8.820776631910060093e-04
1.472000000000000000e+03 8.524744090611971166e-04 8.822361598336372120e-04
1.504000000000000000e+03 8.525615862095879769e-04 8.827066295424021783e-04
1.536000000000000000e+03 8.524195448419753405e-04 8.824986873597645987e-04
1.568000000000000000e+03 8.528292535107269944e-04 8.825929167619266493e-04
1.600000000000000000e+03 8.529392608617725451e-04 8.825053810293024105e-04
1.632000000000000000e+03 8.524066356106209906e-04 8.829366449188965705e-04
1.664000000000000000e+03 8.523571103831658084e-04 8.821537240492202062e-04
1.696000000000000000e+03 8.519762881101740131e-04 8.823962502294407104e-04
1.728000000000000000e+03 8.514166491032536992e-04 8.821402171778806129e-04
1.760000000000000000e+03 8.507783594187524152e-04 8.817493942280521437e-04
1.792000000000000000e+03 8.504846744489210665e-04 8.818565727140947712e-04
1.824000000000000000e+03 8.488517764306667979e-04 8.816365579946957914e-04
1.856000000000000000e+03 8.489368418829026973e-04 8.816477539654954485e-04
1.888000000000000000e+03 8.481407727286599703e-04 8.809379455518566871e-04
1.920000000000000000e+03 8.470414960433863627e-04 8.809452767253482053e-04
1.952000000000000000e+03 8.466408716492446022e-04 8.808537168208600658e-04
1.984000000000000000e+03 8.457416481840271828e-04 8.808496926422046142e-04
2.016000000000000000e+03 8.454423054667139495e-04 8.803540021237888508e-04
2.048000000000000000e+03 8.443325499952627046e-04 8.803079432759449699e-04
2.080000000000000000e+03 8.440681498527919692e-04 8.799581987764779371e-04
2.112000000000000000e+03 8.430419856230648209e-04 8.797963552855521353e-04
2.144000000000000000e+03 8.422619334737323042e-04 8.799695142756987177e-04
2.176000000000000000e+03 8.415032373450314967e-04 8.797593806937026133e-04
2.208000000000000000e+03 8.411282720215382301e-04 8.795675352058349898e-04
2.240000000000000000e+03 8.400925852597745285e-04 8.795046624754113617e-04
2.272000000000000000e+03 8.400282383278483839e-04 8.795716789042783883e-04
2.304000000000000000e+03 8.397306885527404440e-04 8.784580586311869664e-04
2.336000000000000000e+03 8.389688049516279712e-04 8.789426727091280553e-04
2.368000000000000000e+03 8.391405295782656181e-04 8.785216485417071544e-04
2.400000000000000000e+03 8.386941650811806761e-04 8.787850924474142900e-04
2.432000000000000000e+03 8.389685260543463998e-04 8.790686970725677387e-04
2.464000000000000000e+03 8.384070940947143313e-04 8.783094032701767697e-04
2.496000000000000000e+03 8.383985277827492181e-04 8.786695468767742254e-04
2.528000000000000000e+03 8.387595479356614809e-04 8.789766590374717935e-04
2.560000000000000000e+03 8.387017751423146662e-04 8.791426462406664146e-04
2.592000000000000000e+03 8.384143455706287527e-04 8.786777944379234491e-04
2.624000000000000000e+03 8.386759965248787724e-04 8.789204003006940080e-04
2.656000000000000000e+03 8.384349445576223196e-04 8.784976230257840685e-04
2.688000000000000000e+03 8.389361334450651979e-04 8.790788969551374850e-04
2.720000000000000000e+03 8.393841315251443849e-04 8.788123452627780857e-04
2.752000000000000000e+03 8.397399720384853385e-04 8.792629730023881996e-04
2.784000000000000000e+03 8.395952213313008896e-04 8.786426526425972000e-04
2.816000000000000000e+03 8.392543220429910140e-04 8.789107582218492381e-04
2.848000000000000000e+03 8.396506832046643368e-04 8.790665455282056871e-04
2.880000000000000000e+03 8.398813360775861207e-04 8.797860358656739519e-04
2.912000000000000000e+03 8.403597744339163502e-04 8.789987322268458638e-04
2.944000000000000000e+03 8.403938802932190040e-04 8.790039517115781978e-04
2.976000000000000000e+03 8.406620655620743740e-04 8.792232492338261174e-04
3.008000000000000000e+03 8.406048107357536004e-04 8.792291858907779574e-04
3.040000000000000000e+03 8.411470780751706660e-04 8.793761678261217789e-04
3.072000000000000000e+03 8.413473703351260569e-04 8.794630660601600878e-04
3.104000000000000000e+03 8.411646489664881179e-04 8.792746869384476241e-04
3.136000000000000000e+03 8.413538249604354466e-04 8.788717516225247805e-04
3.168000000000000000e+03 8.407956203069951980e-04 8.791954784558746790e-04
3.200000000000000000e+03 8.408043858361488468e-04 8.792730932041708039e-04
3.232000000000000000e+03 8.414686931926371356e-04 8.795260583270818203e-04
3.264000000000000000e+03 8.409483795285049770e-04 8.790539152057789745e-04
3.296000000000000000e+03 8.413552194730146427e-04 8.801059377357372095e-04
3.328000000000000000e+03 8.410248786527176447e-04 8.790067407330306786e-04
3.360000000000000000e+03 8.404498999790559633e-04 8.788886053531007412e-04
3.392000000000000000e+03 8.402268173376065737e-04 8.791956776731963547e-04
3.424000000000000000e+03 8.400358483934045094e-04 8.783048212928193420e-04
3.456000000000000000e+03 8.396656244432727702e-04 8.783647057733380689e-04
3.488000000000000000e+03 8.397122012636758096e-04 8.787687965445623375e-04
3.520000000000000000e+03 8.395519116585484698e-04 8.782792817399523704e-04
3.552000000000000000e+03 8.384714410235224189e-04 8.784923238741202626e-04
3.584000000000000000e+03 8.387866812237437580e-04 8.783924765606317521e-04
3.616000000000000000e+03 8.381081099627420974e-04 8.787646129909828206e-04
3.648000000000000000e+03 8.376201092050946945e-04 8.779009297528388807e-04
3.680000000000000000e+03 8.379963495008959208e-04 8.782220667601053736e-04
3.712000000000000000e+03 8.372522758537714925e-04 8.783905640797456385e-04
3.744000000000000000e+03 8.369651650154637029e-04 8.777423135664899796e-04
3.776000000000000000e+03 8.367649524322498620e-04 8.778560263511541069e-04
3.808000000000000000e+03 8.359447780828076343e-04 8.776871305890896055e-04
3.840000000000000000e+03 8.358237341240789880e-04 8.776897602578669338e-04
3.872000000000000000e+03 8.360188467725675416e-04 8.776448170066244786e-04
3.904000000000000000e+03 8.353342591778775868e-04 8.777149810680914908e-04
3.936000000000000000e+03 8.353959365990634494e-04 8.773823691867164726e-04
3.968000000000000000e+03 8.349858693527888696e-04 8.775320206194007046e-04
4.000000000000000000e+03 8.344596190276010574e-04 8.775521414884836658e-04
4.032000000000000000e+03 8.346569629010447324e-04 8.774603425243994058e-04
4.064000000000000000e+03 8.339698651646999155e-04 8.776503153829262648e-04
4.096000000000000000e+03 8.338410517766527228e-04 8.769037714436966327e-04
4.128000000000000000e+03 8.340946543981962898e-04 8.774092634074356217e-04
4.160000000000000000e+03 8.347929879331031627e-04 8.775034529671073627e-04
4.192000000000000000e+03 8.337690150869038865e-04 8.774680322749869995e-04
4.224000000000000000e+03 8.344380638000542787e-04 8.768514173487532105e-04
4.256000000000000000e+03 8.340528986127173890e-04 8.777231090970035246e-04
4.288000000000000000e+03 8.339949664470801445e-04 8.769516232522647390e-04
4.320000000000000000e+03 8.337532769847528537e-04 8.773846004014030069e-04
4.352000000000000000e+03 8.340973637375802101e-04 8.773131613666111618e-04
4.384000000000000000e+03 8.337816852568790370e-04 8.776548575236919848e-04
4.416000000000000000e+03 8.338365893310239942e-04 8.772380965851294538e-04
4.448000000000000000e+03 8.341754964460480499e-04 8.775583570474491859e-04
4.480000000000000000e+03 8.340929411284494057e-04 8.772262631278601513e-04
4.512000000000000000e+03 8.346057244162058235e-04 8.775716647094213528e-04
4.544000000000000000e+03 8.343677802229425983e-04 8.773600569365343606e-04
4.576000000000000000e+03 8.343461453109532900e-04 8.771499632086020987e-04
4.608000000000000000e+03 8.344574674882254683e-04 8.771484093168060471e-04
4.640000000000000000e+03 8.336291252615121109e-04 8.768623742531082756e-04
4.672000000000000000e+03 8.339094627271421674e-04 8.770641008951457441e-04
4.704000000000000000e+03 8.343566639369055273e-04 8.771847464090644754e-04
4.736000000000000000e+03 8.346591941172477403e-04 8.775301479853170978e-04
4.768000000000000000e+03 8.344516105236545779e-04 8.773053122355892620e-04
4.800000000000000000e+03 8.346137329182597197e-04 8.774411380487772338e-04
4.832000000000000000e+03 8.344088586618904216e-04 8.771341454185946004e-04
4.864000000000000000e+03 8.344121656495922211e-04 8.776407529858398652e-04
4.896000000000000000e+03 8.342131085218220526e-04 8.774359584187861518e-04
4.928000000000000000e+03 8.342417558570435106e-04 8.769200673588850711e-04
4.960000000000000000e+03 8.340140115491768719e-04 8.766875418456770682e-04
4.992000000000000000e+03 8.341617106724516983e-04 8.772439535540102647e-04
5.024000000000000000e+03 8.336797262600330544e-04 8.774052790857616007e-04
5.056000000000000000e+03 8.340100670634137880e-04 8.770923497922093011e-04
5.088000000000000000e+03 8.342778538905155005e-04 8.767457529177203127e-04
5.120000000000000000e+03 8.336058169258153639e-04 8.773010888518246965e-04
5.152000000000000000e+03 8.336939104678439552e-04 8.768267145020797182e-04
5.184000000000000000e+03 8.330099603674669811e-04 8.764584030284534822e-04
5.216000000000000000e+03 8.327573139867989593e-04 8.769807088596026038e-04
5.248000000000000000e+03 8.329212691740240293e-04 8.770519088410208899e-04
5.280000000000000000e+03 8.325094886524812658e-04 8.768692671430085165e-04
5.312000000000000000e+03 8.324272919302935824e-04 8.770037382876814296e-04
5.344000000000000000e+03 8.320997799949427561e-04 8.767048736883422278e-04
5.376000000000000000e+03 8.321652026896604647e-04 8.764858152109963451e-04
5.408000000000000000e+03 8.315582696843961622e-04 8.763776008022374029e-04
5.440000000000000000e+03 8.312793267377599840e-04 8.767959156294436677e-04
5.472000000000000000e+03 8.313105638794533649e-04 8.768400221600878251e-04
5.504000000000000000e+03 8.312154579222204905e-04 8.769768042162751857e-04
5.536000000000000000e+03 8.312252992183818403e-04 8.763023368077694185e-04
5.568000000000000000e+03 8.307213611452123449e-04 8.755334009421169173e-04
5.600000000000000000e+03 8.306245817693902250e-04 8.762099401982140689e-04
5.632000000000000000e+03 8.300748637431039313e-04 8.757736162077582598e-04
5.664000000000000000e+03 8.302570671589918445e-04 8.757634561639189184e-04
5.696000000000000000e+03 8.300620740430933887e-04 8.755414891267852698e-04
5.728000000000000000e+03 8.297175091774698251e-04 8.755592193961915732e-04
5.760000000000000000e+03 8.303407779314972642e-04 8.757948925282094859e-04
5.792000000000000000e+03 8.298140494896139117e-04 8.760712058219524397e-04
5.824000000000000000e+03 8.297379886307962478e-04 8.766059826106326449e-04
5.856000000000000000e+03 8.295188504701154564e-04 8.759365354628184100e-04
5.888000000000000000e+03 8.293327025810956314e-04 8.754827999415243887e-04
5.920000000000000000e+03 8.292299865440158711e-04 8.755447961317876834e-04
5.952000000000000000e+03 8.292597893318577390e-04 8.754915256323484623e-04
5.984000000000000000e+03 8.296136775278650701e-04 8.754875014589713405e-04
6.016000000000000000e+03 8.291012129941641379e-04 8.755764317054765770e-04
6.048000000000000000e+03 8.290562299041392361e-04 8.755357118502452929e-04
6.080000000000000000e+03 8.292795117598654280e-04 8.752168060692748627e-04
6.112000000000000000e+03 8.290084577888900226e-04 8.754059023816892268e-04
6.144000000000000000e+03 8.292363614674014890e-04 8.753451015012188091e-04
6.176000000000000000e+03 8.291110144447525745e-04 8.748188910099785522e-04
6.208000000000000000e+03 8.287178805942176357e-04 8.747740673037681736e-04
6.240000000000000000e+03 8.291169909445414519e-04 8.748366611360652032e-04
6.272000000000000000e+03 8.286983573745647282e-04 8.747561776674942944e-04
6.304000000000000000e+03 8.289431944656318113e-04 8.744492248707160312e-04
6.336000000000000000e+03 8.283029126064240773e-04 8.745791140322143383e-04
6.368000000000000000e+03 8.281677242899769401e-04 8.744135651114468867e-04
6.400000000000000000e+03 8.288701218435601953e-04 8.740624260919185786e-04
