3.985267715156078339e+02 1.492963560949671841e-03 1.493160686447303183e-03
3.985272714793682098e+02 1.492831695556530794e-03 1.492925301013286760e-03
3.985277714431285858e+02 1.492867213326163527e-03 1.492924162240240413e-03
3.985282714068889618e+02 1.492734184635327544e-03 1.492824840792539125e-03
3.985287713706493378e+02 1.493036106306208297e-03 1.493441076539703911e-03
3.985292713344097137e+02 1.493027113419229156e-03 1.493310842305874868e-03
3.985297712981700897e+02 1.493309126986092821e-03 1.493258041975370140e-03
3.985302712619304657e+02 1.493028144710814272e-03 1.493381027097751348e-03
3.985307712256908417e+02 1.492758432421391075e-03 1.492782259733417723e-03
3.985312711894512177e+02 1.492586066042114658e-03 1.492766207144609380e-03
3.985317711532115936e+02 1.493018574304096286e-03 1.493248385345209706e-03
3.985322711169719696e+02 1.493221995012547270e-03 1.493129774721288798e-03
3.985327710807323456e+02 1.493368389275409342e-03 1.493593410626223002e-03
3.985332710444927216e+02 1.493139953500057220e-03 1.493221783043842312e-03
3.985337710082530975e+02 1.493249361433492605e-03 1.493511008522276735e-03
3.985342709720134735e+02 1.493041592787331664e-03 1.492984341914271569e-03
3.985347709357738495e+02 1.493047887807292910e-03 1.493334073414666298e-03
3.985352708995342255e+02 1.492984888109900876e-03 1.493238854852874282e-03
3.985357708632946014e+02 1.492716495874181395e-03 1.492889461780877274e-03
3.985362708270549774e+02 1.493307254156487881e-03 1.493619170929351902e-03
3.985367707908153534e+02 1.493018458801339621e-03 1.493115376537761628e-03
3.985372707545757294e+02 1.493403832794090984e-03 1.493566101312585048e-03
3.985377707183361053e+02 1.493040908005192251e-03 1.492988814579494132e-03
3.985382706820964813e+02 1.492793760431009899e-03 1.493229148988565839e-03
3.985387706458568573e+02 1.492856941636101428e-03 1.492902107603211008e-03
3.985392706096172333e+02 1.493349446466042457e-03 1.493409076099428637e-03
3.985397705733776093e+02 1.492979896647075129e-03 1.492803625375899949e-03
3.985402705371379852e+02 1.493161486919702919e-03 1.493275270611359130e-03
3.985407705008983612e+02 1.493335404364175539e-03 1.493479479562211153e-03
3.985412704646587372e+02 1.493265672382845062e-03 1.493440901381673470e-03
3.985417704284191132e+02 1.493311288583330614e-03 1.493295350241372532e-03
3.985422703921794891e+02 1.493131884654715991e-03 1.493445071083040858e-03
3.985427703559398651e+02 1.493223752339681559e-03 1.493271100523718047e-03
3.985432703197002411e+02 1.493001578575276541e-03 1.492937693601199866e-03
3.985437702834606171e+02 1.493201138118595761e-03 1.493304282613969539e-03
3.985442702472209930e+02 1.493232885474616092e-03 1.493320160803778300e-03
3.985447702109813690e+02 1.493492821102386731e-03 1.493485796678446212e-03
3.985452701747417450e+02 1.493157015226753400e-03 1.493303819819265287e-03
3.985457701385021210e+02 1.492878376055039322e-03 1.493110272628869100e-03
3.985462701022624969e+02 1.493212482355408925e-03 1.493168595280452331e-03
3.985467700660228729e+02 1.493165240828344320e-03 1.493380353998515495e-03
3.985472700297832489e+02 1.492940014441844964e-03 1.493318416242252027e-03
3.985477699935436249e+02 1.492624991209188417e-03 1.492849150024012830e-03
3.985482699573040009e+02 1.492570225365266951e-03 1.492606236658068847e-03
3.985487699210643768e+02 1.492340461283800206e-03 1.492617404081990860e-03
3.985492698848247528e+02 1.492465074614680214e-03 1.492599417554123491e-03
3.985497698485851288e+02 1.492722419628890376e-03 1.492729391084191221e-03
3.985502698123455048e+02 1.492495864933461374e-03 1.493194567090031172e-03
3.985507697761058807e+02 1.491617532342330793e-03 1.492574839673535330e-03
3.985512697398662567e+02 1.491845869114565362e-03 1.492808447208252834e-03
3.985517697036266327e+02 1.491445380471544775e-03 1.492748528138333102e-03
3.985522696673870087e+02 1.491180395633865449e-03 1.493125646339431073e-03
3.985527696311473846e+02 1.490836958185509176e-03 1.493023870180967003e-03
3.985532695949077606e+02 1.490127832085624089e-03 1.493168579503818209e-03
3.985537695586681366e+02 1.489095531401651374e-03 1.493195503027261450e-03
3.985542695224285126e+02 1.489050938246648569e-03 1.492989018939801455e-03
3.985547694861888885e+02 1.488339518546119653e-03 1.493099247122928143e-03
3.985552694499492645e+02 1.488064031007408977e-03 1.493069076989138235e-03
3.985557694137096405e+02 1.487874289389141914e-03 1.492995499141059864e-03
3.985562693774700165e+02 1.488259292112593035e-03 1.493586116646419609e-03
3.985567693412303925e+02 1.487911910997350654e-03 1.493288880128424518e-03
3.985572693049907684e+02 1.488360268187703369e-03 1.493190344472929056e-03
3.985577692687511444e+02 1.488430049672673314e-03 1.492747587269762114e-03
3.985582692325115204e+02 1.489076200823293309e-03 1.492751556971454912e-03
3.985587691962718964e+02 1.490098089561549179e-03 1.492771140281608754e-03
3.985592691600322723e+02 1.490849094452202173e-03 1.493100548276854716e-03
3.985597691237926483e+02 1.491579514712185021e-03 1.493172132124422373e-03
3.985602690875530243e+02 1.491837858020560832e-03 1.492869628763177341e-03
3.985607690513134003e+02 1.492039067628322122e-03 1.492979844286405075e-03
3.985612690150737762e+02 1.492619694484669142e-03 1.493150539201649205e-03
3.985617689788341522e+02 1.492537149698441954e-03 1.492920618714405892e-03
3.985622689425945282e+02 1.492650946822293408e-03 1.492607009945713485e-03
3.985627689063549042e+02 1.493015208158450426e-03 1.493142901025135182e-03
3.985632688701152802e+02 1.492711669419063232e-03 1.493002597911324185e-03
3.985637688338756561e+02 1.492771773242989979e-03 1.492865093953213169e-03
3.985642687976360321e+02 1.492697701572591766e-03 1.492803990284162843e-03
3.985647687613964081e+02 1.492725232998550443e-03 1.492574719425040575e-03
3.985652687251567841e+02 1.492778373523493329e-03 1.492738004230927422e-03
3.985657686889171600e+02 1.493195313369194638e-03 1.492756725384505531e-03
3.985662686526775360e+02 1.493167072412402352e-03 1.492854346432790280e-03
3.985667686164379120e+02 1.492669163603885501e-03 1.493094063545023992e-03
3.985672685801982880e+02 1.493263098266667905e-03 1.492938085497187966e-03
3.985677685439586639e+02 1.492930559535502084e-03 1.492936167383230369e-03
3.985682685077190399e+02 1.492805632692631402e-03 1.492640671223935097e-03
3.985687684714794159e+02 1.493037203601866279e-03 1.493189079391301710e-03
3.985692684352397919e+02 1.492443640201227516e-03 1.492562021835851715e-03
3.985697683990001678e+02 1.492887830962389209e-03 1.492817980669532791e-03
3.985702683627605438e+02 1.493110672997955942e-03 1.493050142338931763e-03
3.985707683265209198e+02 1.492868673638816880e-03 1.493394489407631276e-03
3.985712682902812958e+02 1.492817521446845788e-03 1.492852710196921912e-03
3.985717682540416718e+02 1.492825507788374424e-03 1.492800551191401839e-03
3.985722682178020477e+02 1.493338721007463890e-03 1.493103623631855106e-03
3.985727681815624237e+02 1.492639808844235328e-03 1.493112778873334533e-03
3.985732681453227997e+02 1.492938694382442899e-03 1.493106708281637454e-03
3.985737681090831757e+02 1.493054851108976218e-03 1.493024287457725505e-03
3.985742680728435516e+02 1.492800137953550783e-03 1.492739122266553741e-03
3.985747680366039276e+02 1.493151116228855820e-03 1.493147959472763183e-03
3.985752680003643036e+02 1.493314341213418123e-03 1.492921560248546909e-03
3.985757679641246796e+02 1.493094155788926396e-03 1.492867599375174645e-03
3.985762679278850555e+02 1.493028202465923344e-03 1.492915149624028919e-03
3.985767678916454315e+02 1.492873978612929220e-03 1.492708308781955442e-03
3.985772678554058075e+02 1.492769883909240199e-03 1.492996816657043329e-03
3.985777678191661835e+02 1.492759414212790556e-03 1.493150290468711529e-03
3.985782677829265594e+02 1.493007015556829017e-03 1.492904965705536997e-03
3.985787677466869354e+02 1.492987957246696713e-03 1.493102267213695456e-03
3.985792677104473114e+02 1.493266299404174885e-03 1.493217000030604884e-03
3.985797676742076874e+02 1.493355262967845445e-03 1.493472719950587673e-03
3.985802676379680634e+02 1.493247257593862754e-03 1.493702984335313960e-03
3.985807676017284393e+02 1.493209833989097516e-03 1.493455510978242227e-03
3.985812675654888153e+02 1.492763069119948079e-03 1.492801730543343031e-03
3.985817675292491913e+02 1.492700168428981716e-03 1.493013251533241350e-03
3.985822674930095673e+02 1.493271678637220863e-03 1.492892952696098447e-03
3.985827674567699432e+02 1.493113931887563115e-03 1.493323032039837756e-03
3.985832674205303192e+02 1.493267817468955753e-03 1.493051245656038710e-03
3.985837673842906952e+02 1.492927259397577215e-03 1.492957162827262792e-03
3.985842673480510712e+02 1.493371210897382305e-03 1.493469244498978879e-03
3.985847673118114471e+02 1.493151660749294759e-03 1.493135074578425718e-03
3.985852672755718231e+02 1.493118989349856906e-03 1.493329693382849672e-03
3.985857672393321991e+02 1.493051130197071454e-03 1.492803122544537897e-03
3.985862672030925751e+02 1.493022377716687887e-03 1.493185202639294188e-03
3.985867671668529510e+02 1.493067317391335485e-03 1.493248464314069152e-03
