3.928097714781761169e+02 1.424078813847693727e-03 1.422536545716140749e-03
3.928102714419364929e+02 1.420589327014854745e-03 1.419487604018388784e-03
3.928107714056968689e+02 1.423120535345843117e-03 1.422418482316680898e-03
3.928112713694572449e+02 1.427606664793389275e-03 1.426885379620168983e-03
3.928117713332176208e+02 1.426320022252868403e-03 1.426271374655950367e-03
3.928122712969779968e+02 1.424214119607049561e-03 1.425502701146277038e-03
3.928127712607383728e+02 1.421414362323947071e-03 1.421388322956565562e-03
3.928132712244987488e+02 1.423578429908223600e-03 1.423343906311790898e-03
3.928137711882591248e+02 1.423845741361613997e-03 1.424745035819182304e-03
3.928142711520195007e+02 1.424649325760926318e-03 1.424535290496619158e-03
3.928147711157798767e+02 1.422292612391200381e-03 1.423096509025995396e-03
3.928152710795402527e+02 1.424950463634247662e-03 1.424512701076987003e-03
3.928157710433006287e+02 1.425028841994451650e-03 1.423495363847470047e-03
3.928162710070610046e+02 1.424361388441277914e-03 1.424623793799646319e-03
3.928167709708213806e+02 1.425991245649583291e-03 1.424820900697566263e-03
3.928172709345817566e+02 1.422034376336566049e-03 1.419761402647362570e-03
3.928177708983421326e+02 1.423863067098618583e-03 1.426625735565570851e-03
3.928182708621025085e+02 1.423491388692881519e-03 1.423828892323918995e-03
3.928187708258628845e+02 1.426030022327311013e-03 1.424508075264958873e-03
3.928192707896232605e+02 1.424341175049103660e-03 1.423223076422587378e-03
3.928197707533836365e+02 1.424773493589768722e-03 1.422721209165289961e-03
3.928202707171440125e+02 1.424047875008697776e-03 1.425937696786912191e-03
3.928207706809043884e+02 1.424584560488031428e-03 1.421904023034256670e-03
3.928212706446647644e+02 1.423725286206939692e-03 1.424876197029020103e-03
3.928217706084251404e+02 1.424636537692986447e-03 1.425687690054835239e-03
3.928222705721855164e+02 1.424307348598250617e-03 1.425984013702532964e-03
3.928227705359458923e+02 1.424741729708097100e-03 1.423931703934657334e-03
3.928232704997062683e+02 1.423992185130907142e-03 1.423922435405531716e-03
3.928237704634666443e+02 1.423036381730469202e-03 1.421516225092104733e-03
3.928242704272270203e+02 1.422903138523721025e-03 1.422905851351047302e-03
3.928247703909873962e+02 1.420733708192058360e-03 1.420016462999651495e-03
3.928252703547477722e+02 1.422150706337394670e-03 1.421981839046161005e-03
3.928257703185081482e+02 1.420683381024268185e-03 1.420953000210235014e-03
3.928262702822685242e+02 1.424764418163202437e-03 1.425416877463883333e-03
3.928267702460289001e+02 1.422111929658791563e-03 1.423278050601884054e-03
3.928272702097892761e+02 1.420737420856279772e-03 1.422647204656682417e-03
3.928277701735496521e+02 1.420889639885484276e-03 1.422686504442367264e-03
3.928282701373100281e+02 1.421637121864489321e-03 1.421786005427957533e-03
3.928287701010704041e+02 1.420467634309436266e-03 1.418743150410417498e-03
3.928292700648307800e+02 1.423097434347620274e-03 1.425368849395228189e-03
3.928297700285911560e+02 1.425003265886345917e-03 1.424976728958674563e-03
3.928302699923515320e+02 1.426032497448027686e-03 1.425006730274584656e-03
3.928307699561119080e+02 1.421276581427325736e-03 1.424905566075079354e-03
3.928312699198722839e+02 1.419433040032338665e-03 1.421779673630831206e-03
3.928317698836326599e+02 1.417176981018251252e-03 1.419167143014269305e-03
3.928322698473930359e+02 1.417840309393578538e-03 1.422370703728861267e-03
3.928327698111534119e+02 1.415809485007097496e-03 1.421069991192086155e-03
3.928332697749137878e+02 1.416309868911562637e-03 1.419352632113544694e-03
3.928337697386741638e+02 1.415851974323016887e-03 1.422726795193412662e-03
3.928342697024345398e+02 1.414249755787472989e-03 1.423465348702409022e-03
3.928347696661949158e+02 1.411596854762222145e-03 1.424638264106415329e-03
3.928352696299552917e+02 1.403738806005824227e-03 1.423272097688402672e-03
3.928357695937156677e+02 1.403197170354142809e-03 1.424507347868613459e-03
3.928362695574760437e+02 1.395494640790504804e-03 1.421266103608286903e-03
3.928367695212364197e+02 1.392000616297491130e-03 1.424416091275166208e-03
3.928372694849967957e+02 1.386691514148288840e-03 1.427653254711374470e-03
3.928377694487571716e+02 1.382850149798757304e-03 1.425041709693577931e-03
3.928382694125175476e+02 1.375406268824395494e-03 1.423710148325652014e-03
3.928387693762779236e+02 1.371184975742021153e-03 1.423470684620725592e-03
3.928392693400382996e+02 1.369044834172796193e-03 1.423811890142319316e-03
3.928397693037986755e+02 1.369690836831290474e-03 1.425546340534940282e-03
3.928402692675590515e+02 1.367825432002047446e-03 1.422825377403407962e-03
3.928407692313194275e+02 1.369017607999037118e-03 1.421353303325608320e-03
3.928412691950798035e+02 1.372180793331035818e-03 1.420797285241902699e-03
3.928417691588401794e+02 1.379181630363777826e-03 1.424367912356569368e-03
3.928422691226005554e+02 1.386356549830799426e-03 1.424822831622413362e-03
3.928427690863609314e+02 1.393132977233584036e-03 1.427643996289987933e-03
3.928432690501213074e+02 1.394855238415219825e-03 1.423556201640232156e-03
3.928437690138816833e+02 1.404060569798201404e-03 1.425169376174912619e-03
3.928442689776420593e+02 1.406792261683661744e-03 1.423399565443092193e-03
3.928447689414024353e+02 1.409396485597665637e-03 1.423322839836162505e-03
3.928452689051628113e+02 1.410452943294551818e-03 1.421962321138569435e-03
3.928457688689231873e+02 1.414902358718268197e-03 1.421512273447383869e-03
3.928462688326835632e+02 1.419868658681094388e-03 1.426485746606618449e-03
3.928467687964439392e+02 1.419293609074079223e-03 1.425273605070026973e-03
3.928472687602043152e+02 1.421362385105805117e-03 1.426505506581880831e-03
3.928477687239646912e+02 1.419489967485330038e-03 1.425296802643964689e-03
3.928482686877250671e+02 1.424436879157335752e-03 1.426267028662465139e-03
3.928487686514854431e+02 1.422281886951154949e-03 1.424086866089262779e-03
3.928492686152458191e+02 1.422817334835226218e-03 1.424590387325439184e-03
3.928497685790061951e+02 1.422436993581953704e-03 1.423901614491978338e-03
3.928502685427665710e+02 1.421615670928871910e-03 1.422388232506476002e-03
3.928507685065269470e+02 1.425670719458827125e-03 1.426302911744946203e-03
3.928512684702873230e+02 1.423524802629481554e-03 1.425341543973512610e-03
3.928517684340476990e+02 1.422566936656683529e-03 1.422183152210300828e-03
3.928522683978080750e+02 1.419661574841595345e-03 1.421018264287987349e-03
3.928527683615684509e+02 1.421387136174552621e-03 1.420933951990573270e-03
3.928532683253288269e+02 1.424088714256482088e-03 1.424333338889725159e-03
3.928537682890892029e+02 1.421166026679630042e-03 1.422443535065011627e-03
3.928542682528495789e+02 1.426244118980385563e-03 1.425596073155257137e-03
3.928547682166099548e+02 1.423040506928612350e-03 1.422977091450870930e-03
3.928552681803703308e+02 1.423942682987064997e-03 1.425267020283238224e-03
3.928557681441307068e+02 1.421279881569484198e-03 1.423794386112109227e-03
3.928562681078910828e+02 1.423950108334236329e-03 1.423767339060012099e-03
3.928567680716514587e+02 1.422165144469273758e-03 1.419463185375290570e-03
3.928572680354118347e+02 1.427892539529144068e-03 1.426176241787474944e-03
3.928577679991722107e+02 1.422980279339010161e-03 1.423964097009678071e-03
3.928582679629325867e+02 1.423089596483075817e-03 1.423315122300274592e-03
3.928587679266929626e+02 1.421966723457466879e-03 1.423985356831578399e-03
3.928592678904533386e+02 1.423139923663537497e-03 1.425240653821965679e-03
3.928597678542137146e+02 1.426402938282425072e-03 1.425482986344423289e-03
3.928602678179740906e+02 1.426748628059954557e-03 1.426179453810451098e-03
3.928607677817344666e+02 1.427017177063614247e-03 1.427626617322984813e-03
3.928612677454948425e+02 1.420516723923492472e-03 1.420440710463065359e-03
3.928617677092552185e+02 1.425034617215117493e-03 1.426744017554933391e-03
3.928622676730155945e+02 1.421883807373872273e-03 1.421849840015737727e-03
3.928627676367759705e+02 1.423038031796523915e-03 1.422626882336457555e-03
3.928632676005363464e+02 1.423380833976295272e-03 1.423468182670513263e-03
3.928637675642967224e+02 1.426647973766871896e-03 1.425219314523799071e-03
3.928642675280570984e+02 1.423932782575893993e-03 1.424700690086767776e-03
3.928647674918174744e+02 1.424224020048921483e-03 1.426168955755850775e-03
3.928652674555778503e+02 1.427441245204960933e-03 1.426583426235423840e-03
3.928657674193382263e+02 1.424827945901316947e-03 1.423700702509986347e-03
3.928662673830986023e+02 1.422763707581565238e-03 1.425597186269717768e-03
3.928667673468589783e+02 1.423440649010538012e-03 1.424082970180042115e-03
3.928672673106193542e+02 1.420606240261703583e-03 1.420384211646931981e-03
3.928677672743797302e+02 1.425614204531945595e-03 1.424250906956904495e-03
3.928682672381401062e+02 1.427561287857047161e-03 1.425619664675334235e-03
3.928687672019004822e+02 1.423854404251191121e-03 1.424251744165521815e-03
3.928692671656608582e+02 1.425229738065729272e-03 1.426161852989552697e-03
3.928697671294212341e+02 1.422876737382133220e-03 1.425182774827248901e-03
