3.928097714781761169e+02 1.456354607474445294e-03 1.457312663730643467e-03
3.928102714419364929e+02 1.456678846355219294e-03 1.455907960824088035e-03
3.928107714056968689e+02 1.456397509310533968e-03 1.456242521324496546e-03
3.928112713694572449e+02 1.458122245614056284e-03 1.456012339768704292e-03
3.928117713332176208e+02 1.457453967028743587e-03 1.456822012244881085e-03
3.928122712969779968e+02 1.456664820751123191e-03 1.456343072652444524e-03
3.928127712607383728e+02 1.457481193197979587e-03 1.457367711401001036e-03
3.928132712244987488e+02 1.453832887053567707e-03 1.457243440428577282e-03
3.928137711882591248e+02 1.458159372221391184e-03 1.455727692095486799e-03
3.928142711520195007e+02 1.455869074190330138e-03 1.456259535868871524e-03
3.928147711157798767e+02 1.457158604373445018e-03 1.458291143229675964e-03
3.928152710795402527e+02 1.456984934449116319e-03 1.457519197412503013e-03
3.928157710433006287e+02 1.456307992968974624e-03 1.455815945680583381e-03
3.928162710070610046e+02 1.457538945650064957e-03 1.457435199025496368e-03
3.928167709708213806e+02 1.456603355629913429e-03 1.457356173705447308e-03
3.928172709345817566e+02 1.459172928058693379e-03 1.458005903064710099e-03
3.928177708983421326e+02 1.459331747381297818e-03 1.457858781597602855e-03
3.928182708621025085e+02 1.458025716477405346e-03 1.456825015862963420e-03
3.928187708258628845e+02 1.454558918117272205e-03 1.453819347433486569e-03
3.928192707896232605e+02 1.457722103482736540e-03 1.456911934938019335e-03
3.928197707533836365e+02 1.457778205906919405e-03 1.456289240857517892e-03
3.928202707171440125e+02 1.457148703956367281e-03 1.457493816959358696e-03
3.928207706809043884e+02 1.457803782002252370e-03 1.456840166328590919e-03
3.928212706446647644e+02 1.456043569159422464e-03 1.454542152647861439e-03
3.928217706084251404e+02 1.452726927237524496e-03 1.455009362230491208e-03
3.928222705721855164e+02 1.459328034717551070e-03 1.455776562495984024e-03
3.928227705359458923e+02 1.457772430640421083e-03 1.456902715493887598e-03
3.928232704997062683e+02 1.458955531280415989e-03 1.454830574323690224e-03
3.928237704634666443e+02 1.457402814841738357e-03 1.456643927004553935e-03
3.928242704272270203e+02 1.455825347312815878e-03 1.456245879257874083e-03
3.928247703909873962e+02 1.455071265055663888e-03 1.455571265966603030e-03
3.928252703547477722e+02 1.455774607651615831e-03 1.457119780871119277e-03
3.928257703185081482e+02 1.453884864286186362e-03 1.455055852489652241e-03
3.928262702822685242e+02 1.454281293736805689e-03 1.455480479060317772e-03
3.928267702460289001e+02 1.455749031553176193e-03 1.453990411427952528e-03
3.928272702097892761e+02 1.455460681734426290e-03 1.457760437894966600e-03
3.928277701735496521e+02 1.455829472505396852e-03 1.455469688190443468e-03
3.928282701373100281e+02 1.455772132547791461e-03 1.458790638951753876e-03
3.928287701010704041e+02 1.458587978061804628e-03 1.458651632887181509e-03
3.928292700648307800e+02 1.453466571366231501e-03 1.456845840287648072e-03
3.928297700285911560e+02 1.453237624110173716e-03 1.456811654123430031e-03
3.928302699923515320e+02 1.452257069624449202e-03 1.454006479377753297e-03
3.928307699561119080e+02 1.451646543505613358e-03 1.456482495155281189e-03
3.928312699198722839e+02 1.451982745370248261e-03 1.454552082593491306e-03
3.928317698836326599e+02 1.450889986093140648e-03 1.456929677118218303e-03
3.928322698473930359e+02 1.453342816076815978e-03 1.458064298717382011e-03
3.928327698111534119e+02 1.447151751133928747e-03 1.456749488195097867e-03
3.928332697749137878e+02 1.446981381355515921e-03 1.456799555115414081e-03
3.928337697386741638e+02 1.441988267697243446e-03 1.457043560038928740e-03
3.928342697024345398e+02 1.441179320579702005e-03 1.457291531234856984e-03
3.928347696661949158e+02 1.439589065035242615e-03 1.455600507651788915e-03
3.928352696299552917e+02 1.432007403098010381e-03 1.454786027569912946e-03
3.928357695937156677e+02 1.428080647597584039e-03 1.457075360025155471e-03
3.928362695574760437e+02 1.421175514606692111e-03 1.455059769637940701e-03
3.928367695212364197e+02 1.416104435111969085e-03 1.455218904074367329e-03
3.928372694849967957e+02 1.407070298578835549e-03 1.456945392995022664e-03
3.928377694487571716e+02 1.403398066446751458e-03 1.459846139764953837e-03
3.928382694125175476e+02 1.394603190154494916e-03 1.458835542693966061e-03
3.928387693762779236e+02 1.388453377044131156e-03 1.454794385634168834e-03
3.928392693400382996e+02 1.386183292407049995e-03 1.455545746602507611e-03
3.928397693037986755e+02 1.382494147061237924e-03 1.454847258064235127e-03
3.928402692675590515e+02 1.386261258207258269e-03 1.456992767740542850e-03
3.928407692313194275e+02 1.385517901424082252e-03 1.453632350845695436e-03
3.928412691950798035e+02 1.391589748704419142e-03 1.457101091489622878e-03
3.928417691588401794e+02 1.395609320710880291e-03 1.456787080333765650e-03
3.928422691226005554e+02 1.401778109645432282e-03 1.457227232549971425e-03
3.928427690863609314e+02 1.411284578886730064e-03 1.460838887557557725e-03
3.928432690501213074e+02 1.415486483683372088e-03 1.456986740944051732e-03
3.928437690138816833e+02 1.425160022589502503e-03 1.458987300115437190e-03
3.928442689776420593e+02 1.428392098399711672e-03 1.454359105856357220e-03
3.928447689414024353e+02 1.436176306499506710e-03 1.456984704985602157e-03
3.928452689051628113e+02 1.439803986729713478e-03 1.459539587366595614e-03
3.928457688689231873e+02 1.444671695025786726e-03 1.457695224858354763e-03
3.928462688326835632e+02 1.446999119623895019e-03 1.456949444106319996e-03
3.928467687964439392e+02 1.447660385399403499e-03 1.458857291608453349e-03
3.928472687602043152e+02 1.447768052513034821e-03 1.455889119370543973e-03
3.928477687239646912e+02 1.450329374636070414e-03 1.455003985669469074e-03
3.928482686877250671e+02 1.453469459014909183e-03 1.458414571643429315e-03
3.928487686514854431e+02 1.453019814753501917e-03 1.455184023117966517e-03
3.928492686152458191e+02 1.452332560373025949e-03 1.454295074391911882e-03
3.928497685790061951e+02 1.458351605419549437e-03 1.457912609049780671e-03
3.928502685427665710e+02 1.453160483279320857e-03 1.455447840426015143e-03
3.928507685065269470e+02 1.453229373734716678e-03 1.455927283948958836e-03
3.928512684702873230e+02 1.455119117091095010e-03 1.457858835036500694e-03
3.928517684340476990e+02 1.456004792513274082e-03 1.457246455140889102e-03
3.928522683978080750e+02 1.458281477443000573e-03 1.457917815986266817e-03
3.928527683615684509e+02 1.452217055410573703e-03 1.455088621340298221e-03
3.928532683253288269e+02 1.453235973997085879e-03 1.453268907508854270e-03
3.928537682890892029e+02 1.455280824027676591e-03 1.457056344162262033e-03
3.928542682528495789e+02 1.455509771303306393e-03 1.457013736612224183e-03
3.928547682166099548e+02 1.455140155513663961e-03 1.457096427491098248e-03
3.928552681803703308e+02 1.455719742787786640e-03 1.456336554509812115e-03
3.928557681441307068e+02 1.456380596059287606e-03 1.457834278580238821e-03
3.928562681078910828e+02 1.454589031923043474e-03 1.455990555800913862e-03
3.928567680716514587e+02 1.455951165224213901e-03 1.457283119095200254e-03
3.928572680354118347e+02 1.455048989089780800e-03 1.457961932268192354e-03
3.928577679991722107e+02 1.456975859071107764e-03 1.456053888915466530e-03
3.928582679629325867e+02 1.454347296569977275e-03 1.455357874239405699e-03
3.928587679266929626e+02 1.457679614179634153e-03 1.455151713011386492e-03
3.928592678904533386e+02 1.453679017990677997e-03 1.456227858448472723e-03
3.928597678542137146e+02 1.453709131770542472e-03 1.455254699840875365e-03
3.928602678179740906e+02 1.456609955890826331e-03 1.455267637086715736e-03
3.928607677817344666e+02 1.455843085585743855e-03 1.455364407662149270e-03
3.928612677454948425e+02 1.456022530767349084e-03 1.457145962851578817e-03
3.928617677092552185e+02 1.455676015945631249e-03 1.456642150229153299e-03
3.928622676730155945e+02 1.456033668727231382e-03 1.454705915580062217e-03
3.928627676367759705e+02 1.459680324782250231e-03 1.459488768014460727e-03
3.928632676005363464e+02 1.455696641823224155e-03 1.453661244627816023e-03
3.928637675642967224e+02 1.454009032103222455e-03 1.453997456219753223e-03
3.928642675280570984e+02 1.457531932873095803e-03 1.457814663668639344e-03
3.928647674918174744e+02 1.456180937515599502e-03 1.455005163395532014e-03
3.928652674555778503e+02 1.454228491484104184e-03 1.455113431412262751e-03
3.928657674193382263e+02 1.458637892676960604e-03 1.455168035647090054e-03
3.928662673830986023e+02 1.453343228614812797e-03 1.455823808887115895e-03
3.928667673468589783e+02 1.454690098731206173e-03 1.454585898502781501e-03
3.928672673106193542e+02 1.457039386780707973e-03 1.459225028501283557e-03
3.928677672743797302e+02 1.452821393785449318e-03 1.455810120493645967e-03
3.928682672381401062e+02 1.458789286653684779e-03 1.457782695077847407e-03
3.928687672019004822e+02 1.455117054508641219e-03 1.457229933403134938e-03
3.928692671656608582e+02 1.458901903986107185e-03 1.457441460647058767e-03
3.928697671294212341e+02 1.455857111180222868e-03 1.455422442215695972e-03
