3.928097714781761169e+02 1.431439366291158708e-03 1.432180775464815536e-03
3.928102714419364929e+02 1.433595183525202812e-03 1.434259384630342778e-03
3.928107714056968689e+02 1.433332822310848806e-03 1.433605387747289260e-03
3.928112713694572449e+02 1.432822950515263115e-03 1.433625722235635450e-03
3.928117713332176208e+02 1.430733548602006926e-03 1.431178536066613589e-03
3.928122712969779968e+02 1.432273064453945619e-03 1.431490852770442041e-03
3.928127712607383728e+02 1.436048013507887616e-03 1.435175227068327805e-03
3.928132712244987488e+02 1.430338769188941239e-03 1.431938181237808402e-03
3.928137711882591248e+02 1.432072993388208877e-03 1.430215752697324913e-03
3.928142711520195007e+02 1.434680517470653159e-03 1.433918656402307030e-03
3.928147711157798767e+02 1.429599950077619372e-03 1.430483211047790110e-03
3.928152710795402527e+02 1.432169935059139339e-03 1.432821416194841966e-03
3.928157710433006287e+02 1.430738086284597281e-03 1.431249971581279945e-03
3.928162710070610046e+02 1.438149790952520388e-03 1.435348277265111831e-03
3.928167709708213806e+02 1.430635781930239287e-03 1.429651945256594017e-03
3.928172709345817566e+02 1.431194743309637581e-03 1.431648920526309250e-03
3.928177708983421326e+02 1.431874984922852992e-03 1.433370050006428469e-03
3.928182708621025085e+02 1.433091912003382372e-03 1.432803123041439522e-03
3.928187708258628845e+02 1.432236762913442849e-03 1.432672958539346923e-03
3.928192707896232605e+02 1.432722708697652851e-03 1.434435709627584739e-03
3.928197707533836365e+02 1.429833847602186500e-03 1.430192849390063544e-03
3.928202707171440125e+02 1.431382851379903350e-03 1.431629176000416299e-03
3.928207706809043884e+02 1.430807801782925295e-03 1.432255758543435646e-03
3.928212706446647644e+02 1.434354216013388915e-03 1.436260977647886442e-03
3.928217706084251404e+02 1.433437601791511017e-03 1.433744591277396003e-03
3.928222705721855164e+02 1.430580917039213536e-03 1.430046296889641699e-03
3.928227705359458923e+02 1.433712751052464542e-03 1.433256930830900796e-03
3.928232704997062683e+02 1.431424103141631671e-03 1.431840184650057159e-03
3.928237704634666443e+02 1.430132510370997175e-03 1.432402774354912161e-03
3.928242704272270203e+02 1.429744331274251023e-03 1.429023265870761356e-03
3.928247703909873962e+02 1.430400234326808465e-03 1.429156401781686483e-03
3.928252703547477722e+02 1.432177360366780443e-03 1.430095795056984375e-03
3.928257703185081482e+02 1.431538783058306993e-03 1.432421348982074053e-03
3.928262702822685242e+02 1.429781045330710734e-03 1.427695630762377751e-03
3.928267702460289001e+02 1.432053192556685629e-03 1.433266298858124326e-03
3.928272702097892761e+02 1.428981586125985595e-03 1.429656820972260078e-03
3.928277701735496521e+02 1.431999152759856403e-03 1.431775370703383720e-03
3.928282701373100281e+02 1.429388328509063021e-03 1.430198244310000328e-03
3.928287701010704041e+02 1.429978228774002715e-03 1.429549202148536202e-03
3.928292700648307800e+02 1.430041343979553559e-03 1.430631956570226158e-03
3.928297700285911560e+02 1.431770617957179095e-03 1.431429351974747213e-03
3.928302699923515320e+02 1.428250192317554942e-03 1.428913896076070954e-03
3.928307699561119080e+02 1.432735496757647255e-03 1.429743927628188268e-03
3.928312699198722839e+02 1.430437773430764427e-03 1.429291383788122661e-03
3.928317698836326599e+02 1.429214658602381664e-03 1.429181255186313341e-03
3.928322698473930359e+02 1.431247545591192742e-03 1.432187597979941301e-03
3.928327698111534119e+02 1.430630006677181387e-03 1.431110635126520148e-03
3.928332697749137878e+02 1.432357630568956847e-03 1.431183507926150509e-03
3.928337697386741638e+02 1.429921301331437029e-03 1.429709982923496863e-03
3.928342697024345398e+02 1.427524986286670284e-03 1.428976368868953815e-03
3.928347696661949158e+02 1.430579266984106012e-03 1.431321173469745668e-03
3.928352696299552917e+02 1.428474601937892215e-03 1.430076794681153741e-03
3.928357695937156677e+02 1.429621813512633836e-03 1.431461161005664288e-03
3.928362695574760437e+02 1.428385085586306820e-03 1.433517688000527680e-03
3.928367695212364197e+02 1.424196381376155885e-03 1.431834724126839105e-03
3.928372694849967957e+02 1.423721161033247255e-03 1.432163079703306641e-03
3.928377694487571716e+02 1.420019640132874454e-03 1.428931320066507624e-03
3.928382694125175476e+02 1.419996539139145629e-03 1.428559014300235077e-03
3.928387693762779236e+02 1.422047576910845552e-03 1.431066141631695890e-03
3.928392693400382996e+02 1.421293907163902496e-03 1.433368120332975540e-03
3.928397693037986755e+02 1.420013452383795489e-03 1.430487858533648505e-03
3.928402692675590515e+02 1.419880209185849949e-03 1.432477885140364792e-03
3.928407692313194275e+02 1.420319127974764865e-03 1.430083854518990685e-03
3.928412691950798035e+02 1.420818686845962825e-03 1.431438826846416143e-03
3.928417691588401794e+02 1.418218175560308431e-03 1.430278751478047429e-03
3.928422691226005554e+02 1.424044987408382666e-03 1.432964169378881042e-03
3.928427690863609314e+02 1.425549851785219745e-03 1.428151598112990892e-03
3.928432690501213074e+02 1.429960077982744479e-03 1.433346054228390280e-03
3.928437690138816833e+02 1.428537717132445130e-03 1.431223872592123037e-03
3.928442689776420593e+02 1.428279893593300881e-03 1.432552627818392023e-03
3.928447689414024353e+02 1.429128854928213288e-03 1.431935111406249525e-03
3.928452689051628113e+02 1.431951713186609045e-03 1.432761011347251975e-03
3.928457688689231873e+02 1.428644146680427534e-03 1.435487104036833449e-03
3.928462688326835632e+02 1.430492638294562826e-03 1.430376785406257088e-03
3.928467687964439392e+02 1.430496763463137396e-03 1.431631631726000987e-03
3.928472687602043152e+02 1.431239707732953788e-03 1.430245124595481195e-03
3.928477687239646912e+02 1.431567659271095524e-03 1.432684092400657479e-03
3.928482686877250671e+02 1.435643333711561541e-03 1.435113428862182109e-03
3.928487686514854431e+02 1.432869152473405456e-03 1.434075601740542310e-03
3.928492686152458191e+02 1.429269523434428119e-03 1.429390175670755721e-03
3.928497685790061951e+02 1.432240475572615565e-03 1.433681565653569575e-03
3.928502685427665710e+02 1.427197447266902392e-03 1.429249283268048398e-03
3.928507685065269470e+02 1.430701372227243104e-03 1.431649658456690547e-03
3.928512684702873230e+02 1.432837388620482539e-03 1.434986606817834770e-03
3.928517684340476990e+02 1.433934273059504034e-03 1.434169488377571786e-03
3.928522683978080750e+02 1.433687587515731273e-03 1.433594851494866210e-03
3.928527683615684509e+02 1.432678569319635001e-03 1.432380499002936652e-03
3.928532683253288269e+02 1.432850176667109380e-03 1.432371533184413712e-03
3.928537682890892029e+02 1.433732964443030057e-03 1.434163799822781808e-03
3.928542682528495789e+02 1.429836322694331627e-03 1.430961919120053195e-03
3.928547682166099548e+02 1.433274657331322192e-03 1.432133497500051936e-03
3.928552681803703308e+02 1.430692709340389713e-03 1.431371327308623639e-03
3.928557681441307068e+02 1.432333704563041417e-03 1.430755425024138197e-03
3.928562681078910828e+02 1.432619166797222511e-03 1.431855713392392575e-03
3.928567680716514587e+02 1.432523050155641792e-03 1.430749070559006811e-03
3.928572680354118347e+02 1.433409963101276753e-03 1.434219775479276746e-03
3.928577679991722107e+02 1.431302822945001172e-03 1.430438624258492577e-03
3.928582679629325867e+02 1.434567900156035088e-03 1.434505031588610615e-03
3.928587679266929626e+02 1.428880106763161673e-03 1.431041656758217338e-03
3.928592678904533386e+02 1.431794131457805267e-03 1.431457051317906650e-03
3.928597678542137146e+02 1.432174060232094519e-03 1.432617587500085001e-03
3.928602678179740906e+02 1.431466179954973394e-03 1.431987801198024608e-03
3.928607677817344666e+02 1.434911114849656347e-03 1.434127619801650426e-03
3.928612677454948425e+02 1.432338242265941697e-03 1.430292278942563600e-03
3.928617677092552185e+02 1.432084543902890309e-03 1.431634101852598175e-03
3.928622676730155945e+02 1.429109879113534161e-03 1.430909527496344522e-03
3.928627676367759705e+02 1.430405184534602704e-03 1.429902308371829630e-03
3.928632676005363464e+02 1.431491756036941832e-03 1.430715249663990158e-03
3.928637675642967224e+02 1.429695654167636000e-03 1.431545916756514231e-03
3.928642675280570984e+02 1.431842396038622914e-03 1.430894535094019053e-03
3.928647674918174744e+02 1.431271884127915646e-03 1.432353016317130297e-03
3.928652674555778503e+02 1.427669779983082796e-03 1.429672540827294945e-03
3.928657674193382263e+02 1.427553862519475138e-03 1.429665956635732971e-03
3.928662673830986023e+02 1.428749751209783172e-03 1.428120357013603530e-03
3.928667673468589783e+02 1.428730775391985662e-03 1.428812088233335359e-03
3.928672673106193542e+02 1.427324502707618152e-03 1.426300477681699671e-03
3.928677672743797302e+02 1.432704145426470267e-03 1.429874222327158018e-03
3.928682672381401062e+02 1.428603719935063032e-03 1.429046679925144838e-03
3.928687672019004822e+02 1.432056080171235229e-03 1.432499557311023341e-03
3.928692671656608582e+02 1.430063619927055083e-03 1.432311883216834001e-03
3.928697671294212341e+02 1.428060021680189855e-03 1.430833740039550751e-03
