3.985267715156078339e+02 1.456260965971160719e-03 1.457987980712671227e-03
3.985272714793682098e+02 1.456383896218326444e-03 1.457802130462492384e-03
3.985277714431285858e+02 1.458153596949893823e-03 1.457076179280596736e-03
3.985282714068889618e+02 1.458174222832164628e-03 1.456501899573189179e-03
3.985287713706493378e+02 1.457405289939665317e-03 1.458639634575281934e-03
3.985292713344097137e+02 1.456944095200435156e-03 1.455632312193868086e-03
3.985297712981700897e+02 1.458888290907325337e-03 1.458279817643357576e-03
3.985302712619304657e+02 1.459483966401434272e-03 1.459694844617493445e-03
3.985307712256908417e+02 1.459500467093386832e-03 1.458315973315533597e-03
3.985312711894512177e+02 1.460303226465586119e-03 1.462036588283368091e-03
3.985317711532115936e+02 1.461902144866696280e-03 1.460958560792245155e-03
3.985322711169719696e+02 1.461266867676138748e-03 1.461893065160680804e-03
3.985327710807323456e+02 1.458926242516177425e-03 1.462434717528378813e-03
3.985332710444927216e+02 1.457342999764986435e-03 1.460209367440312624e-03
3.985337710082530975e+02 1.455604650365076129e-03 1.456062163200565413e-03
3.985342709720134735e+02 1.459353198290472622e-03 1.459355882840194466e-03
3.985347709357738495e+02 1.458175460415446576e-03 1.458254123126758329e-03
3.985352708995342255e+02 1.455612075699996410e-03 1.458648795601823461e-03
3.985357708632946014e+02 1.459678262189081487e-03 1.457365701654919892e-03
3.985362708270549774e+02 1.455322900817061999e-03 1.456151105025624629e-03
3.985367707908153534e+02 1.456813327096285332e-03 1.456090085214749915e-03
3.985372707545757294e+02 1.456246527849153075e-03 1.457260012733110292e-03
3.985377707183361053e+02 1.456500638719292629e-03 1.454266987082302245e-03
3.985382706820964813e+02 1.453249174585187660e-03 1.452594923622455188e-03
3.985387706458568573e+02 1.453028890131325291e-03 1.452285664380461227e-03
3.985392706096172333e+02 1.455223896588536767e-03 1.457476426227477225e-03
3.985397705733776093e+02 1.457211819142874764e-03 1.456142765542303057e-03
3.985402705371379852e+02 1.455194195325883004e-03 1.456774206040137298e-03
3.985407705008983612e+02 1.454428562528080121e-03 1.453387909906346878e-03
3.985412704646587372e+02 1.456147936126539217e-03 1.456564349880305970e-03
3.985417704284191132e+02 1.455494508188842889e-03 1.456910759453734772e-03
3.985422703921794891e+02 1.456749386865668645e-03 1.458602928126916934e-03
3.985427703559398651e+02 1.457589272782100530e-03 1.457607395116247966e-03
3.985432703197002411e+02 1.454446300803066781e-03 1.456490103546940942e-03
3.985437702834606171e+02 1.455062189685398704e-03 1.455703132498961053e-03
3.985442702472209930e+02 1.455112929353916899e-03 1.454651170818234722e-03
3.985447702109813690e+02 1.456546840680307889e-03 1.457933604934711930e-03
3.985452701747417450e+02 1.457639599961195465e-03 1.457797286534242122e-03
3.985457701385021210e+02 1.459614734466386284e-03 1.457991495072588888e-03
3.985462701022624969e+02 1.457472117813020211e-03 1.458024640294949912e-03
3.985467700660228729e+02 1.458488973791023050e-03 1.458446016683877331e-03
3.985472700297832489e+02 1.456162374259518336e-03 1.457073631301213697e-03
3.985477699935436249e+02 1.458511662290936511e-03 1.454888576480405614e-03
3.985482699573040009e+02 1.457330211709966569e-03 1.458063597737004969e-03
3.985487699210643768e+02 1.461109698469230302e-03 1.460204157422436734e-03
3.985492698848247528e+02 1.459052472933698458e-03 1.459861362268939254e-03
3.985497698485851288e+02 1.457074038270662723e-03 1.459950064085806980e-03
3.985502698123455048e+02 1.458952231144914312e-03 1.458131283239603310e-03
3.985507697761058807e+02 1.460538774049213121e-03 1.460018970417809037e-03
3.985512697398662567e+02 1.462316725107530406e-03 1.460142447333014157e-03
3.985517697036266327e+02 1.461735900277683379e-03 1.461131118230509429e-03
3.985522696673870087e+02 1.461626170573304337e-03 1.462001761173838468e-03
3.985527696311473846e+02 1.459885758568841597e-03 1.461268687825128393e-03
3.985532695949077606e+02 1.458441534282754748e-03 1.458780478069175192e-03
3.985537695586681366e+02 1.458647793104331757e-03 1.461302825251145892e-03
3.985542695224285126e+02 1.457046812104763464e-03 1.458338993188622269e-03
3.985547694861888885e+02 1.456579429614522940e-03 1.458750013493241441e-03
3.985552694499492645e+02 1.455560510994881231e-03 1.459031161107988235e-03
3.985557694137096405e+02 1.454097723404092386e-03 1.457192421952858887e-03
3.985562693774700165e+02 1.456409059817845644e-03 1.459690144540361049e-03
3.985567693412303925e+02 1.458847039127631352e-03 1.461358516992120396e-03
3.985572693049907684e+02 1.456681733973925509e-03 1.459615773940462977e-03
3.985577692687511444e+02 1.455864949020328541e-03 1.458258353964594868e-03
3.985582692325115204e+02 1.457332274328421075e-03 1.456117563561060060e-03
3.985587691962718964e+02 1.457248945748853110e-03 1.460218238951702715e-03
3.985592691600322723e+02 1.458519087599958672e-03 1.458909091572204234e-03
3.985597691237926483e+02 1.458001377949769790e-03 1.457053445811279640e-03
3.985602690875530243e+02 1.458576015020396008e-03 1.459992059562315167e-03
3.985607690513134003e+02 1.458557864259278376e-03 1.457879359802448285e-03
3.985612690150737762e+02 1.459536356135783834e-03 1.460724278829674677e-03
3.985617689788341522e+02 1.457035261593020653e-03 1.460797659726197940e-03
3.985622689425945282e+02 1.456086471005046696e-03 1.458719512990450931e-03
3.985627689063549042e+02 1.458062843076765504e-03 1.457609457482635443e-03
3.985632688701152802e+02 1.461273467964004698e-03 1.458191318282410585e-03
3.985637688338756561e+02 1.462800608340956163e-03 1.460955255276058648e-03
3.985642687976360321e+02 1.459146526974430163e-03 1.461021070513612158e-03
3.985647687613964081e+02 1.460238461189861895e-03 1.460134115262362023e-03
3.985652687251567841e+02 1.458264151710447504e-03 1.458109091471894263e-03
3.985657686889171600e+02 1.460826711345695160e-03 1.459422845465572702e-03
3.985662686526775360e+02 1.461551504868276695e-03 1.459591590385587523e-03
3.985667686164379120e+02 1.459684862484333673e-03 1.459517064171160592e-03
3.985672685801982880e+02 1.462786170210009055e-03 1.462842800472417739e-03
3.985677685439586639e+02 1.462669015192159805e-03 1.460837850983110354e-03
3.985682685077190399e+02 1.458402345102783292e-03 1.459743004768971784e-03
3.985687684714794159e+02 1.461147237564777409e-03 1.460694379236647088e-03
3.985692684352397919e+02 1.458402345090283091e-03 1.458180005720109175e-03
3.985697683990001678e+02 1.461109698481738526e-03 1.460818621971933171e-03
3.985702683627605438e+02 1.456339344350149161e-03 1.458804639575709194e-03
3.985707683265209198e+02 1.460619214974561830e-03 1.457657540670395831e-03
3.985712682902812958e+02 1.463005217077106585e-03 1.461284083416161325e-03
3.985717682540416718e+02 1.459947223727572126e-03 1.462116253491753913e-03
3.985722682178020477e+02 1.458314891357413061e-03 1.457190034138803464e-03
3.985727681815624237e+02 1.458217537181812420e-03 1.458990954759068967e-03
3.985732681453227997e+02 1.458208461800303193e-03 1.459145665397366563e-03
3.985737681090831757e+02 1.459112288007142263e-03 1.458466111815597422e-03
3.985742680728435516e+02 1.459540893814260075e-03 1.461309161177760420e-03
3.985747680366039276e+02 1.458141633942789360e-03 1.457495130253645601e-03
3.985752680003643036e+02 1.456689159289828450e-03 1.458234020986993919e-03
3.985757679641246796e+02 1.461789527575182773e-03 1.460637168491342279e-03
3.985762679278850555e+02 1.458808262484793689e-03 1.458337967190119098e-03
3.985767678916454315e+02 1.460132856680882102e-03 1.459928326315283482e-03
3.985772678554058075e+02 1.460767721323493959e-03 1.461405519020483748e-03
3.985777678191661835e+02 1.456362032780461396e-03 1.455388848341319236e-03
3.985782677829265594e+02 1.461372472202810552e-03 1.458905245177246918e-03
3.985787677466869354e+02 1.462103866024067316e-03 1.462109279508329741e-03
3.985792677104473114e+02 1.459759528181467456e-03 1.459551156429308863e-03
3.985797676742076874e+02 1.459042159992575850e-03 1.462624945138921379e-03
3.985802676379680634e+02 1.458323141717062432e-03 1.459727335913528186e-03
3.985807676017284393e+02 1.461431049701910354e-03 1.460799206374314161e-03
3.985812675654888153e+02 1.458747209852284676e-03 1.460633089720757543e-03
3.985817675292491913e+02 1.459837081491194939e-03 1.458429813114565064e-03
3.985822674930095673e+02 1.459242643578371936e-03 1.459619362346313218e-03
3.985827674567699432e+02 1.457205631398203515e-03 1.459167932881830741e-03
3.985832674205303192e+02 1.458194436207615498e-03 1.457557116458544364e-03
3.985837673842906952e+02 1.458960481477018876e-03 1.460174238850326083e-03
3.985842673480510712e+02 1.458942743225132444e-03 1.460271719732580140e-03
3.985847673118114471e+02 1.459276882513264092e-03 1.459836419918896042e-03
3.985852672755718231e+02 1.460331690159510530e-03 1.460548139764099914e-03
3.985857672393321991e+02 1.458049642502652968e-03 1.459479952861708228e-03
3.985862672030925751e+02 1.458729471610752376e-03 1.458510073896822357e-03
3.985867671668529510e+02 1.460020651855251875e-03 1.460853697719378822e-03
