3.985267715156078339e+02 1.437634556383516650e-03 1.437949833783050630e-03
3.985272714793682098e+02 1.437768830886154443e-03 1.437366088080114851e-03
3.985277714431285858e+02 1.438463923127159200e-03 1.438336097554183610e-03
3.985282714068889618e+02 1.439627841689607082e-03 1.438276793647933231e-03
3.985287713706493378e+02 1.437723866454466894e-03 1.437898294577926242e-03
3.985292713344097137e+02 1.438463304346135818e-03 1.438171821431282176e-03
3.985297712981700897e+02 1.436139798686324664e-03 1.437178145018610078e-03
3.985302712619304657e+02 1.438042948869618564e-03 1.437046248543945824e-03
3.985307712256908417e+02 1.440387080433485397e-03 1.440781343916457298e-03
3.985312711894512177e+02 1.436080602398396092e-03 1.436798661501549048e-03
3.985317711532115936e+02 1.438471760983616810e-03 1.439593983257882962e-03
3.985322711169719696e+02 1.435753269638640091e-03 1.436436663008548806e-03
3.985327710807323456e+02 1.438497543314353096e-03 1.438708910238129792e-03
3.985332710444927216e+02 1.436815296347536929e-03 1.436355871984019983e-03
3.985337710082530975e+02 1.438341199142250532e-03 1.438971744630973678e-03
3.985342709720134735e+02 1.438528275891393397e-03 1.436462535650056323e-03
3.985347709357738495e+02 1.439069086512844917e-03 1.440368831428434811e-03
3.985352708995342255e+02 1.435505346537795535e-03 1.437214146949357223e-03
3.985357708632946014e+02 1.437003404393160082e-03 1.436888647702826583e-03
3.985362708270549774e+02 1.436215083151734647e-03 1.436066369418178505e-03
3.985367707908153534e+02 1.438811056743511275e-03 1.438314649216351467e-03
3.985372707545757294e+02 1.436929976261455341e-03 1.436691042247731928e-03
3.985377707183361053e+02 1.439820487429734671e-03 1.438437501278406897e-03
3.985382706820964813e+02 1.436846647669666249e-03 1.436414479017252086e-03
3.985387706458568573e+02 1.437398596307576989e-03 1.436317398773250421e-03
3.985392706096172333e+02 1.438158247550449902e-03 1.437103549811691305e-03
3.985397705733776093e+02 1.437379001716353102e-03 1.437159617631696574e-03
3.985402705371379852e+02 1.436886043115837789e-03 1.436465889659031174e-03
3.985407705008983612e+02 1.437782856484739113e-03 1.437049127802052500e-03
3.985412704646587372e+02 1.434798703800524303e-03 1.436602300922690343e-03
3.985417704284191132e+02 1.436511477082204813e-03 1.436129236149121056e-03
3.985422703921794891e+02 1.436069464413010106e-03 1.436089880967671845e-03
3.985427703559398651e+02 1.437264734309069659e-03 1.435549770786930749e-03
3.985432703197002411e+02 1.437593717154170281e-03 1.437161943550460371e-03
3.985437702834606171e+02 1.436756718844031363e-03 1.437860545920258007e-03
3.985442702472209930e+02 1.438619236025310329e-03 1.437292827828750381e-03
3.985447702109813690e+02 1.438052436784799295e-03 1.438422485343009887e-03
3.985452701747417450e+02 1.436257984974851926e-03 1.437794167183547005e-03
3.985457701385021210e+02 1.436693397370687091e-03 1.437001840471714394e-03
3.985462701022624969e+02 1.436573354721219862e-03 1.437245155608157625e-03
3.985467700660228729e+02 1.437117671769781203e-03 1.437028599649027181e-03
3.985472700297832489e+02 1.436338425922647523e-03 1.435795431771624440e-03
3.985477699935436249e+02 1.438747735288485249e-03 1.438838757934289992e-03
3.985482699573040009e+02 1.438435665670652775e-03 1.438662630759916577e-03
3.985487699210643768e+02 1.438702770833868126e-03 1.437569829506280157e-03
3.985492698848247528e+02 1.435246491723101087e-03 1.436733382784238051e-03
3.985497698485851288e+02 1.437248852378961812e-03 1.437389801662984114e-03
3.985502698123455048e+02 1.438655331326824972e-03 1.437610790908251408e-03
3.985507697761058807e+02 1.437484812489632372e-03 1.439320855185183311e-03
3.985512697398662567e+02 1.436485075949232512e-03 1.437336787351566753e-03
3.985517697036266327e+02 1.438088944577108064e-03 1.440439299298249985e-03
3.985522696673870087e+02 1.436939464140006952e-03 1.439834682973769415e-03
3.985527696311473846e+02 1.435820716278336101e-03 1.439789562430343964e-03
3.985532695949077606e+02 1.436170118734776853e-03 1.438725597285343220e-03
3.985537695586681366e+02 1.434648341101023251e-03 1.440413274071118644e-03
3.985542695224285126e+02 1.436366683390698316e-03 1.438218968840407428e-03
3.985547694861888885e+02 1.433917978631755541e-03 1.441094469056894856e-03
3.985552694499492645e+02 1.434082985656756669e-03 1.437258167689069296e-03
3.985557694137096405e+02 1.433327872107750030e-03 1.438394525348936186e-03
3.985562693774700165e+02 1.431130184314505574e-03 1.438200792068362877e-03
3.985567693412303925e+02 1.432113420152208213e-03 1.437856335905289855e-03
3.985572693049907684e+02 1.431378107419156763e-03 1.437968225706721080e-03
3.985577692687511444e+02 1.431293128796972802e-03 1.435538613516241157e-03
3.985582692325115204e+02 1.431892104421307469e-03 1.435171725313256997e-03
3.985587691962718964e+02 1.433794635833486293e-03 1.437054098959855176e-03
3.985592691600322723e+02 1.436051932427565968e-03 1.438845748461680014e-03
3.985597691237926483e+02 1.436428561033237889e-03 1.438584939502099728e-03
3.985602690875530243e+02 1.433357985901986256e-03 1.434513186791420329e-03
3.985607690513134003e+02 1.437134172473504947e-03 1.438685085017523931e-03
3.985612690150737762e+02 1.436610687586447905e-03 1.437543726244759970e-03
3.985617689788341522e+02 1.437700352960991253e-03 1.439357285924223150e-03
3.985622689425945282e+02 1.437640331638913825e-03 1.436552021025869425e-03
3.985627689063549042e+02 1.439121476272105108e-03 1.438282193200530372e-03
3.985632688701152802e+02 1.439926298207694876e-03 1.439121095324060731e-03
3.985637688338756561e+02 1.438390288727075562e-03 1.437988969639111695e-03
3.985642687976360321e+02 1.435996036266145399e-03 1.436630743392674180e-03
3.985647687613964081e+02 1.435664990875704095e-03 1.435728334386026078e-03
3.985652687251567841e+02 1.436849741569972772e-03 1.435346696044716760e-03
3.985657686889171600e+02 1.438623154938533776e-03 1.438282880288218116e-03
3.985662686526775360e+02 1.437981689981834756e-03 1.437840782820156479e-03
3.985667686164379120e+02 1.439080637015421882e-03 1.440052245175775991e-03
3.985672685801982880e+02 1.437592479594314689e-03 1.437836394325768714e-03
3.985677685439586639e+02 1.436695872474574561e-03 1.437374508484098520e-03
3.985682685077190399e+02 1.435385097641220589e-03 1.436825948034321484e-03
3.985687684714794159e+02 1.435699848595983546e-03 1.436110977844046394e-03
3.985692684352397919e+02 1.437235239297582649e-03 1.434975659721463449e-03
3.985697683990001678e+02 1.436025737547952895e-03 1.436251841402837745e-03
3.985702683627605438e+02 1.438199293055660716e-03 1.438337071888404336e-03
3.985707683265209198e+02 1.436379265189196555e-03 1.437887730779014014e-03
3.985712682902812958e+02 1.435544741969462402e-03 1.436574476100521778e-03
3.985717682540416718e+02 1.438108126663025996e-03 1.437225787508464563e-03
3.985722682178020477e+02 1.437164698770686819e-03 1.438222783737032589e-03
3.985727681815624237e+02 1.439458709460078156e-03 1.438427443377095823e-03
3.985732681453227997e+02 1.437428710086026580e-03 1.438070425041429630e-03
3.985737681090831757e+02 1.439022472037821462e-03 1.439335484301233151e-03
3.985742680728435516e+02 1.439130139141855643e-03 1.440387923533684861e-03
3.985747680366039276e+02 1.437718503744676119e-03 1.438550439787758106e-03
3.985752680003643036e+02 1.438949868932461488e-03 1.438278847378807396e-03
3.985757679641246796e+02 1.440642428852027031e-03 1.440300714847055075e-03
3.985762679278850555e+02 1.438930893115446122e-03 1.437668958085844620e-03
3.985767678916454315e+02 1.440225373496937427e-03 1.441355211385310147e-03
3.985772678554058075e+02 1.440217741925975230e-03 1.438027205303917672e-03
3.985777678191661835e+02 1.438408439505284558e-03 1.439154206634761382e-03
3.985782677829265594e+02 1.441485821195674991e-03 1.440349212370128050e-03
3.985787677466869354e+02 1.438615729636471977e-03 1.437469258552888113e-03
3.985792677104473114e+02 1.440092955333219672e-03 1.440844722548637394e-03
3.985797676742076874e+02 1.437652500908457058e-03 1.437761380082314654e-03
3.985802676379680634e+02 1.438510950140182943e-03 1.438346090222417497e-03
3.985807676017284393e+02 1.439090949981645506e-03 1.437786637556015285e-03
3.985812675654888153e+02 1.439344235802329222e-03 1.440510032041877712e-03
3.985817675292491913e+02 1.438944093665305924e-03 1.440237424967823112e-03
3.985822674930095673e+02 1.437293610560728572e-03 1.438992292004704970e-03
3.985827674567699432e+02 1.438071825097114948e-03 1.437474431538482032e-03
3.985832674205303192e+02 1.437739954655430606e-03 1.438900677581347485e-03
3.985837673842906952e+02 1.436701235209838015e-03 1.438059121450059206e-03
3.985842673480510712e+02 1.439847713590771718e-03 1.439331249344633773e-03
3.985847673118114471e+02 1.439696938380928808e-03 1.439678370345775973e-03
3.985852672755718231e+02 1.440792997796692260e-03 1.442017866908181390e-03
3.985857672393321991e+02 1.440428950955111205e-03 1.440505272305184388e-03
3.985862672030925751e+02 1.439629079247426325e-03 1.441295841353198472e-03
3.985867671668529510e+02 1.439032784985151562e-03 1.436966581355521907e-03
