3.985267715156078339e+02 1.445121339259664798e-03 1.445658210969065624e-03
3.985272714793682098e+02 1.441708993248470112e-03 1.441251150446895557e-03
3.985277714431285858e+02 1.444175848811661382e-03 1.443905464419744517e-03
3.985282714068889618e+02 1.440872819966553149e-03 1.442748622961000050e-03
3.985287713706493378e+02 1.441810472598334782e-03 1.440875877746310195e-03
3.985292713344097137e+02 1.443525308447679914e-03 1.443561680604168833e-03
3.985297712981700897e+02 1.443771168978119634e-03 1.443439721892372405e-03
3.985302712619304657e+02 1.444501118961591174e-03 1.443103986381512977e-03
3.985307712256908417e+02 1.445101332162468171e-03 1.445353498795755049e-03
3.985312711894512177e+02 1.444294447638947007e-03 1.445354898543603928e-03
3.985317711532115936e+02 1.442586212023587965e-03 1.443984142424990357e-03
3.985322711169719696e+02 1.442414398438752630e-03 1.443664862525547614e-03
3.985327710807323456e+02 1.441072891024329245e-03 1.442125840704144152e-03
3.985332710444927216e+02 1.443151361211933567e-03 1.442579585550873020e-03
3.985337710082530975e+02 1.444263921342125957e-03 1.442512576501085763e-03
3.985342709720134735e+02 1.444808444619337775e-03 1.444049995632613447e-03
3.985347709357738495e+02 1.444002591393779220e-03 1.443959364956981387e-03
3.985352708995342255e+02 1.444572690779159872e-03 1.443440719244137383e-03
3.985357708632946014e+02 1.444407271216991990e-03 1.445178606171939120e-03
3.985362708270549774e+02 1.444132534465025503e-03 1.443984859210763454e-03
3.985367707908153534e+02 1.442693879153482536e-03 1.443822425187884888e-03
3.985372707545757294e+02 1.443395159156440075e-03 1.445151744449451941e-03
3.985377707183361053e+02 1.442874768142256856e-03 1.443552737799173391e-03
3.985382706820964813e+02 1.444086332474777117e-03 1.443384280967037209e-03
3.985387706458568573e+02 1.443511489134122498e-03 1.443814144091689180e-03
3.985392706096172333e+02 1.443913075053581199e-03 1.443274235244321017e-03
3.985397705733776093e+02 1.444350962546263892e-03 1.444849999319717908e-03
3.985402705371379852e+02 1.441325351827855939e-03 1.442300677788445687e-03
3.985407705008983612e+02 1.443865635526981640e-03 1.442442759585342918e-03
3.985412704646587372e+02 1.442836197719166635e-03 1.442610663460526521e-03
3.985417704284191132e+02 1.443267691194980405e-03 1.444618200613215220e-03
3.985422703921794891e+02 1.444416552865899345e-03 1.443882870161060025e-03
3.985427703559398651e+02 1.446054247936760101e-03 1.445540282299452627e-03
3.985432703197002411e+02 1.443841296990163543e-03 1.442849117751378264e-03
3.985437702834606171e+02 1.445407832759346839e-03 1.443730645365842204e-03
3.985442702472209930e+02 1.443645763603899857e-03 1.445118116819518479e-03
3.985447702109813690e+02 1.442643758237748160e-03 1.445241278842552667e-03
3.985452701747417450e+02 1.443344006951743051e-03 1.444514804381118178e-03
3.985457701385021210e+02 1.443207257353519308e-03 1.445225430130788477e-03
3.985462701022624969e+02 1.443763537408066433e-03 1.443978865526698982e-03
3.985467700660228729e+02 1.444580941149163373e-03 1.443184099931160052e-03
3.985472700297832489e+02 1.443942363801816071e-03 1.444409783876235420e-03
3.985477699935436249e+02 1.444458835917747808e-03 1.444454517073036695e-03
3.985482699573040009e+02 1.444073338171773715e-03 1.442483127713465501e-03
3.985487699210643768e+02 1.442416873536043380e-03 1.443300566955584919e-03
3.985492698848247528e+02 1.444346218586367971e-03 1.445403887027061230e-03
3.985497698485851288e+02 1.442440799562519404e-03 1.443052903533553321e-03
3.985502698123455048e+02 1.443867079349159125e-03 1.443552407515943155e-03
3.985507697761058807e+02 1.442112641756304950e-03 1.441073760944591373e-03
3.985512697398662567e+02 1.444041986832673811e-03 1.445567455851367320e-03
3.985517697036266327e+02 1.441899576407083480e-03 1.444006739887636033e-03
3.985522696673870087e+02 1.442042307508522268e-03 1.443662820163581217e-03
3.985527696311473846e+02 1.441171688987161800e-03 1.443324225207016833e-03
3.985532695949077606e+02 1.440164114652731607e-03 1.442996999847693997e-03
3.985537695586681366e+02 1.441083410223130109e-03 1.442483201699465336e-03
3.985542695224285126e+02 1.441916695895671501e-03 1.444903684097261030e-03
3.985547694861888885e+02 1.439961568461269829e-03 1.443871194413917040e-03
3.985552694499492645e+02 1.440345209896878951e-03 1.444776808204006804e-03
3.985557694137096405e+02 1.442146261957202510e-03 1.444492044096322859e-03
3.985562693774700165e+02 1.441289875305879755e-03 1.446507186138190452e-03
3.985567693412303925e+02 1.439733858726900901e-03 1.444000010552863025e-03
3.985572693049907684e+02 1.440154832987957170e-03 1.444350468512586643e-03
3.985577692687511444e+02 1.440938616520417081e-03 1.444530215294051326e-03
3.985582692325115204e+02 1.440437613854660603e-03 1.444472585917509636e-03
3.985587691962718964e+02 1.443196325648927634e-03 1.445850682028126727e-03
3.985592691600322723e+02 1.442313125348784059e-03 1.443200145826683796e-03
3.985597691237926483e+02 1.444651275400222080e-03 1.445003694339680846e-03
3.985602690875530243e+02 1.444808238376462349e-03 1.445432975722651513e-03
3.985607690513134003e+02 1.443623281398998502e-03 1.444222460522032831e-03
3.985612690150737762e+02 1.442683978726035272e-03 1.443406365637714276e-03
3.985617689788341522e+02 1.444949525677241163e-03 1.444047006995353034e-03
3.985622689425945282e+02 1.443251396744450656e-03 1.443243743808891952e-03
3.985627689063549042e+02 1.444364781876490917e-03 1.443956305222449240e-03
3.985632688701152802e+02 1.443653601474858238e-03 1.442241447572207950e-03
3.985637688338756561e+02 1.444532676572475452e-03 1.444921916599073604e-03
3.985642687976360321e+02 1.442392947506017245e-03 1.443836869803335685e-03
3.985647687613964081e+02 1.441917520928903771e-03 1.441418710735285812e-03
3.985652687251567841e+02 1.445195179923072564e-03 1.443566704481851837e-03
3.985657686889171600e+02 1.444542370746200498e-03 1.445955783130931050e-03
3.985662686526775360e+02 1.445373593797678142e-03 1.445546387124393983e-03
3.985667686164379120e+02 1.443875535962472166e-03 1.444060697363609832e-03
3.985672685801982880e+02 1.442694085400637741e-03 1.444836251309748092e-03
3.985677685439586639e+02 1.446294126940640386e-03 1.445372079731413852e-03
3.985682685077190399e+02 1.444002178874603717e-03 1.443991001279439166e-03
3.985687684714794159e+02 1.443982171762465266e-03 1.443397944018624682e-03
3.985692684352397919e+02 1.441777058648641271e-03 1.443757849355803511e-03
3.985697683990001678e+02 1.446626616165198193e-03 1.446187678719366553e-03
3.985702683627605438e+02 1.444474099079820582e-03 1.444380336117583302e-03
3.985707683265209198e+02 1.446034034587313820e-03 1.445775061176031743e-03
3.985712682902812958e+02 1.442855998567070443e-03 1.442744952791859443e-03
3.985717682540416718e+02 1.443864604239856715e-03 1.444111529466378819e-03
3.985722682178020477e+02 1.443334106545578026e-03 1.443201259532138694e-03
3.985727681815624237e+02 1.445055130183873875e-03 1.444651621992896345e-03
3.985732681453227997e+02 1.443476012593130492e-03 1.443805536110736795e-03
3.985737681090831757e+02 1.443467762250658570e-03 1.444757877060650090e-03
3.985742680728435516e+02 1.446324859522832382e-03 1.444636348303641581e-03
3.985747680366039276e+02 1.444814426138788313e-03 1.444368600616142018e-03
3.985752680003643036e+02 1.445630179798181817e-03 1.444949100358673038e-03
3.985757679641246796e+02 1.446292683136114147e-03 1.446839316799863363e-03
3.985762679278850555e+02 1.445191467258401426e-03 1.445580190668001265e-03
3.985767678916454315e+02 1.446319290516654950e-03 1.445486637052340517e-03
3.985772678554058075e+02 1.444866815881106978e-03 1.445375610580989893e-03
3.985777678191661835e+02 1.442118417005031029e-03 1.443872200305545278e-03
3.985782677829265594e+02 1.443318224612123680e-03 1.443081211852139485e-03
3.985787677466869354e+02 1.443553978440716232e-03 1.443217456174977677e-03
3.985792677104473114e+02 1.445297690563082313e-03 1.446362154078170877e-03
3.985797676742076874e+02 1.445507662042781879e-03 1.445786999635305858e-03
3.985802676379680634e+02 1.445174347803787097e-03 1.446205886456853771e-03
3.985807676017284393e+02 1.445447846996546996e-03 1.446607468995408843e-03
3.985812675654888153e+02 1.443524689704578021e-03 1.443949341823032913e-03
3.985817675292491913e+02 1.445735165532876761e-03 1.445227713512935467e-03
3.985822674930095673e+02 1.444108195921199773e-03 1.443596546994538755e-03
3.985827674567699432e+02 1.447534361273151039e-03 1.447999871467110008e-03
3.985832674205303192e+02 1.445880577990724157e-03 1.446170240813465834e-03
3.985837673842906952e+02 1.443729298433386226e-03 1.444617204115042830e-03
3.985842673480510712e+02 1.443778388038458949e-03 1.443252837572978758e-03
3.985847673118114471e+02 1.444868053416450710e-03 1.445003850863514454e-03
3.985852672755718231e+02 1.442128317435681026e-03 1.443210936265411446e-03
3.985857672393321991e+02 1.443799013935381662e-03 1.443220425301743525e-03
3.985862672030925751e+02 1.445110820053859338e-03 1.442904124569367903e-03
3.985867671668529510e+02 1.444153366591993844e-03 1.442915794666868893e-03
