3.928097714781761169e+02 6.252784399768656493e-04 6.247757479707180713e-04
3.928102714419364929e+02 6.437023012063429733e-04 6.453180738957414991e-04
3.928107714056968689e+02 6.497795106122108933e-04 6.484515121804818125e-04
3.928112713694572449e+02 6.619413546671828671e-04 6.628922314802352571e-04
3.928117713332176208e+02 6.672521063317808513e-04 6.690772423185029549e-04
3.928122712969779968e+02 6.652126192772254065e-04 6.658602859829002279e-04
3.928127712607383728e+02 6.654692052257674996e-04 6.676702844639263550e-04
3.928132712244987488e+02 6.671423766495479394e-04 6.695746011088287656e-04
3.928137711882591248e+02 6.641169725283559925e-04 6.675105870844310479e-04
3.928142711520195007e+02 6.709284632678557151e-04 6.704584115122731204e-04
3.928147711157798767e+02 6.726692875775137567e-04 6.753682361390410220e-04
3.928152710795402527e+02 6.791218880430433761e-04 6.738697460214366922e-04
3.928157710433006287e+02 6.733944935125554853e-04 6.686877839875277323e-04
3.928162710070610046e+02 6.757705949386361328e-04 6.755831613257706671e-04
3.928167709708213806e+02 6.748424302933781187e-04 6.722488679544494881e-04
3.928172709345817566e+02 6.747005243179873303e-04 6.749730529338167709e-04
3.928177708983421326e+02 6.704458176615044583e-04 6.690309293323929785e-04
3.928182708621025085e+02 6.794659276869350565e-04 6.826626164101485140e-04
3.928187708258628845e+02 6.824434798206172915e-04 6.856991323292269038e-04
3.928192707896232605e+02 6.844730664363240027e-04 6.865904609389695537e-04
3.928197707533836365e+02 6.811729255921494374e-04 6.803499861317509247e-04
3.928202707171440125e+02 6.733004395163126078e-04 6.721554099016200431e-04
3.928207706809043884e+02 6.794626275451596436e-04 6.771782077947688730e-04
3.928212706446647644e+02 6.744893152407054060e-04 6.738454733052241796e-04
3.928217706084251404e+02 6.900511295974562581e-04 6.879046793384189932e-04
3.928222705721855164e+02 6.751526435785236337e-04 6.776798494418209608e-04
3.928227705359458923e+02 6.756608652563699359e-04 6.754537851510912906e-04
3.928232704997062683e+02 6.776442499094128581e-04 6.801588091036200835e-04
3.928237704634666443e+02 6.741196994792074534e-04 6.726630207461912168e-04
3.928242704272270203e+02 6.730422035190950208e-04 6.745073162177451023e-04
3.928247703909873962e+02 6.767086600097125051e-04 6.702193159571500931e-04
3.928252703547477722e+02 6.712774531355785021e-04 6.735399539946668093e-04
3.928257703185081482e+02 6.657967442182781154e-04 6.673598698236538236e-04
3.928262702822685242e+02 6.736890310986861198e-04 6.746678765486767383e-04
3.928267702460289001e+02 6.768117893920984904e-04 6.768470451046677827e-04
3.928272702097892761e+02 6.705811234533137159e-04 6.742942330252950020e-04
3.928277701735496521e+02 6.684277815187163619e-04 6.702579770673625136e-04
3.928282701373100281e+02 6.724679789861351571e-04 6.767878245918725229e-04
3.928287701010704041e+02 6.733961436005999864e-04 6.727505005031695707e-04
3.928292700648307800e+02 6.746922739548192900e-04 6.743681774687953611e-04
3.928297700285911560e+02 6.688658752386331292e-04 6.664118997885420687e-04
3.928302699923515320e+02 6.789882323280146265e-04 6.780280782675736362e-04
3.928307699561119080e+02 6.792844199470134126e-04 6.765581713571515140e-04
3.928312699198722839e+02 6.728491452747020936e-04 6.751294447967005636e-04
3.928317698836326599e+02 6.791309634094471739e-04 6.779390970801787639e-04
3.928322698473930359e+02 6.786029408861085459e-04 6.757833369656412667e-04
3.928327698111534119e+02 6.757862706603561583e-04 6.792871055534256903e-04
3.928332697749137878e+02 6.761286602566964456e-04 6.805325661903927157e-04
3.928337697386741638e+02 6.748655313113915543e-04 6.792773454795873701e-04
3.928342697024345398e+02 6.682091471716504211e-04 6.736525301746808031e-04
3.928347696661949158e+02 6.702684350659494266e-04 6.760701850920642578e-04
3.928352696299552917e+02 6.626376843560392773e-04 6.770567410748042688e-04
3.928357695937156677e+02 6.670681234698849684e-04 6.778544028030023027e-04
3.928362695574760437e+02 6.604645415858288477e-04 6.767042360029484980e-04
3.928367695212364197e+02 6.616930190259500679e-04 6.785606288403792184e-04
3.928372694849967957e+02 6.639511404381699634e-04 6.777315852380496383e-04
3.928377694487571716e+02 6.588408722713034191e-04 6.747039539883507939e-04
3.928382694125175476e+02 6.671819783133690982e-04 6.807487674760301106e-04
3.928387693762779236e+02 6.644915384970808206e-04 6.763219817998268948e-04
3.928392693400382996e+02 6.603143852031967669e-04 6.759612127957751295e-04
3.928397693037986755e+02 6.700011236831506737e-04 6.795096392956331572e-04
3.928402692675590515e+02 6.712469268768777838e-04 6.818744089597092613e-04
3.928407692313194275e+02 6.766748335623826854e-04 6.798456411909647914e-04
3.928412691950798035e+02 6.783125284882151381e-04 6.857507682658253593e-04
3.928417691588401794e+02 6.763827710832030424e-04 6.807825827644775184e-04
3.928422691226005554e+02 6.755874371526819546e-04 6.795801919873536902e-04
3.928427690863609314e+02 6.805087722292964833e-04 6.825861816136493581e-04
3.928432690501213074e+02 6.826258125948467346e-04 6.832249825615437002e-04
3.928437690138816833e+02 6.741081489874553795e-04 6.744671053387327371e-04
3.928442689776420593e+02 6.807950594325358137e-04 6.811721232430123290e-04
3.928447689414024353e+02 6.728087185325551780e-04 6.750694227175796196e-04
3.928452689051628113e+02 6.840654990439022079e-04 6.854676387929690843e-04
3.928457688689231873e+02 6.858120986205571952e-04 6.870800014948828457e-04
3.928462688326835632e+02 6.870017993932007409e-04 6.889724077809138971e-04
3.928467687964439392e+02 6.824674058061527566e-04 6.850065720306666977e-04
3.928472687602043152e+02 6.847156267851752139e-04 6.865326766860971363e-04
3.928477687239646912e+02 6.815986437412927500e-04 6.797471491829154468e-04
3.928482686877250671e+02 6.756633404167730703e-04 6.781610344101618275e-04
3.928487686514854431e+02 6.805714748930292383e-04 6.817267549441068065e-04
3.928492686152458191e+02 6.845959966900831955e-04 6.847561728184456582e-04
3.928497685790061951e+02 6.703096868593439329e-04 6.745194420364121913e-04
3.928502685427665710e+02 6.809262400386033526e-04 6.795197580387172566e-04
3.928507685065269470e+02 6.802167097515266284e-04 6.817011594077501810e-04
3.928512684702873230e+02 6.803462402706920899e-04 6.758946857718476373e-04
3.928517684340476990e+02 6.801408065434401927e-04 6.756440620331954049e-04
3.928522683978080750e+02 6.809914178344755008e-04 6.802481659350747591e-04
3.928527683615684509e+02 6.775609213890011317e-04 6.782129410500747566e-04
3.928532683253288269e+02 6.800772787999515099e-04 6.757947124840554386e-04
3.928537682890892029e+02 6.769809216458976073e-04 6.799940043193388947e-04
3.928542682528495789e+02 6.753795282601433511e-04 6.708358983415634068e-04
3.928547682166099548e+02 6.841298517788708608e-04 6.837610061520294760e-04
3.928552681803703308e+02 6.752846492287128445e-04 6.767215324381338666e-04
3.928557681441307068e+02 6.866816857302292937e-04 6.837653764900477119e-04
3.928562681078910828e+02 6.870356258365187957e-04 6.821052182659107866e-04
3.928567680716514587e+02 6.808841632278317315e-04 6.871313914025192326e-04
3.928572680354118347e+02 6.765535533756185339e-04 6.753563620747835700e-04
3.928577679991722107e+02 6.789486306176956143e-04 6.797024069996895033e-04
3.928582679629325867e+02 6.806564535596769817e-04 6.800142079533417734e-04
3.928587679266929626e+02 6.819468085932313319e-04 6.792845231231004442e-04
3.928592678904533386e+02 6.815862681921982429e-04 6.827128288393281494e-04
3.928597678542137146e+02 6.846553992449367493e-04 6.820249616231899726e-04
3.928602678179740906e+02 6.914149127943319860e-04 6.891686014826997869e-04
3.928607677817344666e+02 6.819682595147506451e-04 6.853256877154214775e-04
3.928612677454948425e+02 6.956885952042405740e-04 6.932789434969995751e-04
3.928617677092552185e+02 6.827132662961598675e-04 6.835937481089790881e-04
3.928622676730155945e+02 6.845596951506317763e-04 6.859063379549326092e-04
3.928627676367759705e+02 6.851165939008258075e-04 6.793787166458189813e-04
3.928632676005363464e+02 6.765279772811933715e-04 6.761849012980302711e-04
3.928637675642967224e+02 6.834211465533228912e-04 6.806440036890488467e-04
3.928642675280570984e+02 6.880174177577715955e-04 6.882465637527313430e-04
3.928647674918174744e+02 6.882137761369490001e-04 6.882248449698673796e-04
3.928652674555778503e+02 6.863293957088690547e-04 6.851392479151789195e-04
3.928657674193382263e+02 6.852568499177628773e-04 6.871387341903030695e-04
3.928662673830986023e+02 6.851834217455486566e-04 6.849964087248836897e-04
3.928667673468589783e+02 6.886477446661445250e-04 6.881925092969804706e-04
3.928672673106193542e+02 6.806218020623346944e-04 6.817985309391743059e-04
3.928677672743797302e+02 6.821910190068131196e-04 6.847502237936145281e-04
3.928682672381401062e+02 6.816943478353189746e-04 6.855245459637419533e-04
3.928687672019004822e+02 6.877055544117210029e-04 6.895594622306193021e-04
3.928692671656608582e+02 6.835036500436946719e-04 6.818479967229996736e-04
3.928697671294212341e+02 6.842932087694850868e-04 6.835403730188395087e-04
