1.000000000000000000e+01 2.007769623415022603e-02 2.003830734712787331e-02
1.000000000000000000e+01 2.003455934598639271e-02 2.003161710958415581e-02
1.000000000000000000e+01 2.002810771770587722e-02 2.002487547927316036e-02
1.000000000000000000e+01 2.002588498020595534e-02 2.002515630486667933e-02
2.000000000000000000e+01 2.002516731703162314e-02 2.002658979536427880e-02
2.000000000000000000e+01 2.002321255636818967e-02 2.002521870949157748e-02
2.000000000000000000e+01 2.003120229618273254e-02 2.003310199368658895e-02
3.000000000000000000e+01 2.002418534820777501e-02 2.002671277110201070e-02
3.000000000000000000e+01 2.002429547530166706e-02 2.003449143354556206e-02
3.000000000000000000e+01 2.002001152105115436e-02 2.003136014516013197e-02
4.000000000000000000e+01 2.002595105636773357e-02 2.002337958261867293e-02
4.000000000000000000e+01 2.001591111219615943e-02 2.003306895498131388e-02
5.000000000000000000e+01 2.001830821734887703e-02 2.003126470147192223e-02
6.000000000000000000e+01 2.002394123270355430e-02 2.002960912097138252e-02
6.000000000000000000e+01 2.002705783686849553e-02 2.002882721603005400e-02
7.000000000000000000e+01 2.002505718997858730e-02 2.002839771968158850e-02
8.000000000000000000e+01 2.002503699931918943e-02 2.003737677010785159e-02
1.000000000000000000e+02 2.002679903751809418e-02 2.002794619742539681e-02
1.100000000000000000e+02 2.002616764124291737e-02 2.003609562246657858e-02
1.200000000000000000e+02 2.002686144294858403e-02 2.002572896617488968e-02
1.400000000000000000e+02 2.002694770968128576e-02 2.003112337164185408e-02
1.600000000000000000e+02 2.002801594451782130e-02 2.002942190424514962e-02
1.800000000000000000e+02 2.002181577410019897e-02 2.003484567663108701e-02
2.100000000000000000e+02 2.003030292279424363e-02 2.004118901340351880e-02
2.400000000000000000e+02 2.002742676309663891e-02 2.004277484682740265e-02
2.700000000000000000e+02 2.002845645443306760e-02 2.004449099795293718e-02
3.100000000000000000e+02 2.001813201451628846e-02 2.004466353131152678e-02
3.600000000000000000e+02 2.002026481371606270e-02 2.005040667354549000e-02
4.100000000000000000e+02 2.001982430467039858e-02 2.003914614985271084e-02
4.700000000000000000e+02 2.002273350247573552e-02 2.005009831695884343e-02
5.300000000000000000e+02 2.001556788232719888e-02 2.005326447815087773e-02
6.100000000000000000e+02 2.001949208718813156e-02 2.006378164184257490e-02
7.000000000000000000e+02 2.001420413806540358e-02 2.005888831588151233e-02
7.900000000000000000e+02 2.001556237580840586e-02 2.005631317099161939e-02
9.100000000000000000e+02 2.001522832284192283e-02 2.006994510320161268e-02
1.030000000000000000e+03 2.001119766137392578e-02 2.007656742883356590e-02
1.180000000000000000e+03 2.001227507388627855e-02 2.008511881820378500e-02
1.350000000000000000e+03 2.002433952654775889e-02 2.008046593729298501e-02
1.540000000000000000e+03 2.001872303134289224e-02 2.008817118161899951e-02
1.760000000000000000e+03 2.002679169626907230e-02 2.009527623225952284e-02
2.010000000000000000e+03 2.003599834355802856e-02 2.010283464016605556e-02
2.290000000000000000e+03 2.005060857342595010e-02 2.011152552490565876e-02
2.620000000000000000e+03 2.005739058428545815e-02 2.011911513579407035e-02
2.990000000000000000e+03 2.006382385756159265e-02 2.012988375691689147e-02
3.410000000000000000e+03 2.007961612141397068e-02 2.013785514217229441e-02
3.890000000000000000e+03 2.008552078369069127e-02 2.015443481788330160e-02
4.450000000000000000e+03 2.009191184156311483e-02 2.015869858192470901e-02
5.080000000000000000e+03 2.010713511418445176e-02 2.017174683919658457e-02
5.800000000000000000e+03 2.012533733198121691e-02 2.019339787964958069e-02
6.620000000000000000e+03 2.012717462351059500e-02 2.020569176488592675e-02
7.560000000000000000e+03 2.013410714123261419e-02 2.021824444861081843e-02
8.630000000000000000e+03 2.014131497772209123e-02 2.022488145776445145e-02
9.850000000000000000e+03 2.015580590354232662e-02 2.023836655356293229e-02
1.125000000000000000e+04 2.015539843249030197e-02 2.023882358284383870e-02
1.284000000000000000e+04 2.015160821564212362e-02 2.023430836074280315e-02
1.466000000000000000e+04 2.014516392927905714e-02 2.024531926242453470e-02
1.674000000000000000e+04 2.013464676590828034e-02 2.023754059901542238e-02
1.911000000000000000e+04 2.015282145258488061e-02 2.023682293530349938e-02
2.182000000000000000e+04 2.015739907972570466e-02 2.025242064174488654e-02
2.491000000000000000e+04 2.017455508778297213e-02 2.027128729466031593e-02
2.844000000000000000e+04 2.018436376533673179e-02 2.029517942760270324e-02
3.247000000000000000e+04 2.019535264083306692e-02 2.030118871045221221e-02
3.707000000000000000e+04 2.019404396075003341e-02 2.030493671257500507e-02
4.233000000000000000e+04 2.019868032326232327e-02 2.030937851630190694e-02
4.833000000000000000e+04 2.020559448635097372e-02 2.031738661175998967e-02
5.518000000000000000e+04 2.019192768017558093e-02 2.031654597322511691e-02
6.300000000000000000e+04 2.020104806170480716e-02 2.032034903798293074e-02
7.192000000000000000e+04 2.019564080832493558e-02 2.031771699401299300e-02
8.212000000000000000e+04 2.019149084212827974e-02 2.031841997415680806e-02
9.376000000000000000e+04 2.019627404101077134e-02 2.031006130675934440e-02
1.070500000000000000e+05 2.020493005144798071e-02 2.032878479477698980e-02
1.222200000000000000e+05 2.020738772741847988e-02 2.033696175198438511e-02
1.395400000000000000e+05 2.021445790446965013e-02 2.034839847901430410e-02
1.593200000000000000e+05 2.022004136286439588e-02 2.035536403560338214e-02
1.819000000000000000e+05 2.023521691323674349e-02 2.035958374911240806e-02
2.076800000000000000e+05 2.023645217564286336e-02 2.036663373679266364e-02
2.371200000000000000e+05 2.024911315238986376e-02 2.037049920694287627e-02
2.707300000000000000e+05 2.025943942813439314e-02 2.039540634730466206e-02
3.091000000000000000e+05 2.026375458604218194e-02 2.039896896785220459e-02
3.529100000000000000e+05 2.027614391453358075e-02 2.040727440751316513e-02
4.029300000000000000e+05 2.028148142134139284e-02 2.040610705745122752e-02
4.600400000000000000e+05 2.030323341199383180e-02 2.041807606728004293e-02
5.252400000000000000e+05 2.030932896205229696e-02 2.042948159141933992e-02
5.996900000000000000e+05 2.032451185505051994e-02 2.044466999194395271e-02
6.846800000000000000e+05 2.032772023315084289e-02 2.044686703265136823e-02
7.817300000000000000e+05 2.034820392327774119e-02 2.046169568369416228e-02
8.925300000000000000e+05 2.036157705666736747e-02 2.046605305643404635e-02
1.019030000000000000e+06 2.037593399492130392e-02 2.046887782398122343e-02
1.163460000000000000e+06 2.039576609882224473e-02 2.048280342991642966e-02
1.328360000000000000e+06 2.040772042548305229e-02 2.049677125131406027e-02
1.516640000000000000e+06 2.043034242278962687e-02 2.050535751533970330e-02
1.731600000000000000e+06 2.043740709321367061e-02 2.052111490724289888e-02
1.977030000000000000e+06 2.045901775492911523e-02 2.052533645657152531e-02
2.257240000000000000e+06 2.048046322491783519e-02 2.053850952590374063e-02
2.577170000000000000e+06 2.050649549973036431e-02 2.055582521985946029e-02
2.942450000000000000e+06 2.052095338801543725e-02 2.056916531563575401e-02
3.359490000000000000e+06 2.053632900460183527e-02 2.057772955454129082e-02
3.835650000000000000e+06 2.055416780300005006e-02 2.059983395319919114e-02
4.379300000000000000e+06 2.057542972811785692e-02 2.061685046730678608e-02
5.000000000000000000e+06 2.059166984458377439e-02 2.062535964333599842e-02
