0.000000000000000000e+00 1.655279228018696758e-02 1.657334931122159474e-02
2.000000000000000000e+02 1.657503995877844180e-02 1.658050340881159906e-02
4.000000000000000000e+02 1.658151045552525016e-02 1.658661234530555556e-02
6.000000000000000000e+02 1.658267505362124444e-02 1.659077630380523596e-02
8.000000000000000000e+02 1.658441049003320233e-02 1.659230922436399913e-02
1.000000000000000000e+03 1.658287440786944400e-02 1.659511810035208326e-02
1.200000000000000000e+03 1.658394784751548307e-02 1.659842826033731261e-02
1.400000000000000000e+03 1.658461458672168265e-02 1.660096752501503611e-02
1.600000000000000000e+03 1.658543922862335679e-02 1.660353937137161451e-02
1.800000000000000000e+03 1.658573799657685893e-02 1.660406972415539792e-02
2.000000000000000000e+03 1.658527465152712793e-02 1.660392991263986290e-02
2.200000000000000000e+03 1.658568108846922295e-02 1.660645907797021759e-02
2.400000000000000000e+03 1.658400537042976561e-02 1.660595638888843692e-02
2.600000000000000000e+03 1.658397946323596217e-02 1.660630205350240030e-02
2.800000000000000000e+03 1.658508741658542771e-02 1.660764369926926581e-02
3.000000000000000000e+03 1.658436008067446996e-02 1.660903197814421819e-02
3.200000000000000000e+03 1.658431520403549214e-02 1.660933452250842532e-02
3.400000000000000000e+03 1.658433513942880397e-02 1.661033937367141500e-02
3.600000000000000000e+03 1.658421315565740406e-02 1.660898227133639909e-02
3.800000000000000000e+03 1.658444798979374565e-02 1.661092075057081507e-02
4.000000000000000000e+03 1.658314428284579645e-02 1.660992433029250329e-02
4.200000000000000000e+03 1.658519482202639242e-02 1.661060819463237512e-02
4.400000000000000000e+03 1.658403154124566542e-02 1.661320331367643205e-02
4.600000000000000000e+03 1.658581677235976964e-02 1.661367912939987895e-02
4.800000000000000000e+03 1.658568741158538210e-02 1.661421290718510455e-02
5.000000000000000000e+03 1.658704767548654924e-02 1.661500321094435892e-02
5.200000000000000000e+03 1.658839502971763691e-02 1.661583549330498261e-02
5.400000000000000000e+03 1.658793273840916682e-02 1.661657837354568734e-02
5.600000000000000000e+03 1.658891352660044755e-02 1.661764294315862603e-02
5.800000000000000000e+03 1.658888726795672633e-02 1.661933886009618264e-02
6.000000000000000000e+03 1.658975380061052454e-02 1.661979719932114158e-02
6.200000000000000000e+03 1.659025122038000621e-02 1.662293900586178305e-02
6.400000000000000000e+03 1.659200158646124273e-02 1.662041730549065205e-02
6.600000000000000000e+03 1.659227119782038726e-02 1.662155186870933887e-02
6.800000000000000000e+03 1.659176227347360782e-02 1.662375398741304522e-02
7.000000000000000000e+03 1.659139720043147428e-02 1.662595540358646415e-02
7.200000000000000000e+03 1.659338925056766043e-02 1.662479651394066504e-02
7.400000000000000000e+03 1.659427958280235149e-02 1.662693434756155539e-02
7.600000000000000000e+03 1.659369346352555785e-02 1.662783697470552116e-02
7.800000000000000000e+03 1.659367818266731937e-02 1.662642876034573294e-02
8.000000000000000000e+03 1.659397273531808270e-02 1.662748718252685456e-02
8.200000000000000000e+03 1.659365201189498540e-02 1.662749368130850280e-02
8.400000000000000000e+03 1.659386831572942644e-02 1.662644377781713131e-02
8.600000000000000000e+03 1.659332075004937151e-02 1.662833632654408741e-02
8.800000000000000000e+03 1.659378356821345282e-02 1.662792707936083456e-02
9.000000000000000000e+03 1.659191789279598761e-02 1.662923263066173885e-02
9.200000000000000000e+03 1.659302426539209854e-02 1.662887467101208799e-02
9.400000000000000000e+03 1.659288392693981928e-02 1.662752880981177572e-02
9.600000000000000000e+03 1.659340365333365069e-02 1.662894975820567930e-02
9.800000000000000000e+03 1.659322590307586026e-02 1.662859882441511741e-02
1.000000000000000000e+04 1.659484444934312963e-02 1.663004409928554167e-02
1.020000000000000000e+04 1.659364612795666619e-02 1.663062328068423690e-02
1.040000000000000000e+04 1.659545401691690791e-02 1.662918248464408111e-02
1.060000000000000000e+04 1.659315336266561913e-02 1.663063179936274602e-02
1.080000000000000000e+04 1.659423180810302642e-02 1.663084722492956177e-02
1.100000000000000000e+04 1.659402051012970683e-02 1.663123074053213940e-02
1.120000000000000000e+04 1.659267078470532189e-02 1.663052975102185388e-02
1.140000000000000000e+04 1.659401638245950814e-02 1.663169874021865405e-02
1.160000000000000000e+04 1.659266428600510157e-02 1.663116390857750579e-02
1.180000000000000000e+04 1.659198937934382861e-02 1.663011180951937812e-02
1.200000000000000000e+04 1.659147228752149913e-02 1.663058788870503193e-02
1.220000000000000000e+04 1.659265726023620088e-02 1.663226281626074485e-02
1.240000000000000000e+04 1.658903428090081553e-02 1.662957012782057681e-02
1.260000000000000000e+04 1.658946855719239943e-02 1.662949934385281325e-02
1.280000000000000000e+04 1.658809582267600433e-02 1.662806882293073676e-02
1.300000000000000000e+04 1.658681977935079488e-02 1.662656374171671628e-02
1.320000000000000000e+04 1.658717809018966927e-02 1.662579293423364565e-02
1.340000000000000000e+04 1.658631059153601109e-02 1.662620973410780523e-02
1.360000000000000000e+04 1.658640473596102380e-02 1.662628912450694538e-02
1.380000000000000000e+04 1.658515784934754683e-02 1.662504943926522080e-02
1.400000000000000000e+04 1.658219923801827062e-02 1.662376839018438884e-02
1.420000000000000000e+04 1.658339070937091264e-02 1.662409183595987133e-02
1.440000000000000000e+04 1.658079796156271268e-02 1.662350984426947537e-02
1.460000000000000000e+04 1.657967218048879074e-02 1.662138290057979528e-02
1.480000000000000000e+04 1.658112773046253180e-02 1.662195321197043260e-02
1.500000000000000000e+04 1.657875436025556606e-02 1.662102739999191808e-02
1.520000000000000000e+04 1.657813574705329501e-02 1.662105032137687136e-02
1.540000000000000000e+04 1.657610891953216134e-02 1.662041309009996623e-02
1.560000000000000000e+04 1.657687928792964116e-02 1.661900215331326217e-02
1.580000000000000000e+04 1.657656181400656015e-02 1.661821492327503896e-02
1.600000000000000000e+04 1.657573866504091428e-02 1.661924418870921322e-02
1.620000000000000000e+04 1.657716365322477875e-02 1.661718021290466488e-02
1.640000000000000000e+04 1.657533328203518452e-02 1.661604635220746001e-02
1.660000000000000000e+04 1.657440237635599348e-02 1.661727374256266945e-02
1.680000000000000000e+04 1.657373273912918568e-02 1.661648703948538988e-02
1.700000000000000000e+04 1.657263453391104313e-02 1.661735497726766694e-02
1.720000000000000000e+04 1.657127383089124217e-02 1.661611801442670899e-02
1.740000000000000000e+04 1.657215704961804634e-02 1.661587580328270988e-02
1.760000000000000000e+04 1.656978526008284075e-02 1.661493699373795679e-02
1.780000000000000000e+04 1.656953532068117241e-02 1.661469636343007247e-02
1.800000000000000000e+04 1.657020056695962876e-02 1.661465289187966793e-02
1.820000000000000000e+04 1.657009957250131504e-02 1.661329719468152694e-02
1.840000000000000000e+04 1.656797860056588231e-02 1.661241766453349505e-02
1.860000000000000000e+04 1.656694942292625747e-02 1.661173309754071861e-02
1.880000000000000000e+04 1.656551231541696437e-02 1.661098134737788029e-02
1.900000000000000000e+04 1.656570771779914200e-02 1.660981464153789278e-02
1.920000000000000000e+04 1.656395954724195624e-02 1.660965998831383586e-02
1.940000000000000000e+04 1.656535529097711776e-02 1.660989622750640160e-02
1.960000000000000000e+04 1.656364488359097012e-02 1.661019736672370711e-02
1.980000000000000000e+04 1.656392924894264235e-02 1.660840396825822782e-02
2.000000000000000000e+04 1.656264389652824243e-02 1.660998308282259431e-02
2.020000000000000000e+04 1.656296119484317389e-02 1.660906069584783262e-02
2.040000000000000000e+04 1.656170122293822849e-02 1.660959974292660832e-02
2.060000000000000000e+04 1.656195441165661877e-02 1.661027245398181626e-02
2.080000000000000000e+04 1.656268007897222436e-02 1.660884570927583306e-02
2.100000000000000000e+04 1.656245824243946646e-02 1.660850373322602519e-02
2.120000000000000000e+04 1.656206691073773898e-02 1.660892457284804738e-02
2.140000000000000000e+04 1.656256362790284667e-02 1.660978469461394866e-02
2.160000000000000000e+04 1.656167733550294521e-02 1.661027543991099378e-02
2.180000000000000000e+04 1.656193430056896246e-02 1.660949102017125062e-02
2.200000000000000000e+04 1.656281866093190988e-02 1.661088421698905457e-02
2.220000000000000000e+04 1.656360255375286666e-02 1.661231289378307593e-02
2.240000000000000000e+04 1.656270475675484730e-02 1.661112976537674341e-02
2.260000000000000000e+04 1.656256380354167654e-02 1.661073439396206289e-02
2.280000000000000000e+04 1.656286195683218457e-02 1.661068486273697270e-02
2.300000000000000000e+04 1.656236155113213412e-02 1.661052256896612678e-02
2.320000000000000000e+04 1.656279187541216669e-02 1.661089607289193207e-02
2.340000000000000000e+04 1.656305270472816643e-02 1.661056358153508578e-02
2.360000000000000000e+04 1.656191445301877230e-02 1.661120898013657490e-02
2.380000000000000000e+04 1.655937773515847589e-02 1.661111035684921522e-02
2.400000000000000000e+04 1.656114979305753701e-02 1.661077163015990676e-02
2.420000000000000000e+04 1.656117051893020095e-02 1.660988999225045462e-02
2.440000000000000000e+04 1.656000846762032547e-02 1.661149316987068497e-02
2.460000000000000000e+04 1.656009883572262184e-02 1.661134229292327014e-02
2.480000000000000000e+04 1.656097098893177105e-02 1.660960185059330227e-02
2.500000000000000000e+04 1.656100163855385443e-02 1.661093392384220893e-02
2.520000000000000000e+04 1.656223131221102457e-02 1.661041551485040180e-02
2.540000000000000000e+04 1.656182522654682521e-02 1.661264907366559462e-02
2.560000000000000000e+04 1.656079534630739564e-02 1.661245806236709074e-02
2.580000000000000000e+04 1.656104317795543956e-02 1.661375729046596014e-02
2.600000000000000000e+04 1.656178930760267981e-02 1.661279696467648018e-02
2.620000000000000000e+04 1.656243022739000564e-02 1.661291007848115370e-02
2.640000000000000000e+04 1.656243128123505159e-02 1.661429870864251923e-02
2.660000000000000000e+04 1.656319673162135256e-02 1.661353448786676706e-02
2.680000000000000000e+04 1.656468319474076190e-02 1.661483459416259953e-02
2.700000000000000000e+04 1.656365428056373254e-02 1.661475669663593432e-02
2.720000000000000000e+04 1.656379286251384933e-02 1.661397447248704959e-02
2.740000000000000000e+04 1.656322597606133332e-02 1.661466290355532310e-02
2.760000000000000000e+04 1.656387234077627210e-02 1.661569752614762766e-02
2.780000000000000000e+04 1.656434947374071237e-02 1.661525464333615809e-02
2.800000000000000000e+04 1.656431294018652009e-02 1.661592902303855868e-02
2.820000000000000000e+04 1.656397201785582765e-02 1.661521986622744099e-02
2.840000000000000000e+04 1.656552048285084983e-02 1.661524269966676084e-02
2.860000000000000000e+04 1.656306930289683232e-02 1.661530092518260712e-02
2.880000000000000000e+04 1.656432786980801750e-02 1.661567205797005384e-02
2.900000000000000000e+04 1.656385187840581780e-02 1.661614067236629605e-02
2.920000000000000000e+04 1.656305410984565754e-02 1.661521055710886083e-02
2.940000000000000000e+04 1.656360483713533241e-02 1.661616754562082396e-02
2.960000000000000000e+04 1.656222507688527579e-02 1.661499469236373330e-02
2.980000000000000000e+04 1.656222191530854621e-02 1.661597697353490999e-02
3.000000000000000000e+04 1.656294775825851995e-02 1.661504071068095265e-02
3.020000000000000000e+04 1.656352843256673688e-02 1.661534597755848566e-02
3.040000000000000000e+04 1.656337676523947366e-02 1.661573063478063994e-02
3.060000000000000000e+04 1.656272240882793526e-02 1.661663826775665667e-02
3.080000000000000000e+04 1.656187054236752526e-02 1.661606514606703278e-02
3.100000000000000000e+04 1.656276263102782892e-02 1.661494823491758976e-02
3.120000000000000000e+04 1.656059704590636186e-02 1.661638850396252032e-02
3.140000000000000000e+04 1.656209352056813369e-02 1.661521714371318181e-02
3.160000000000000000e+04 1.656171527438659100e-02 1.661483064217761374e-02
3.180000000000000000e+04 1.656083627113540818e-02 1.661450491307003494e-02
3.200000000000000000e+04 1.656042377452087919e-02 1.661603353038415554e-02
3.220000000000000000e+04 1.656016294531994712e-02 1.661420008536648382e-02
3.240000000000000000e+04 1.655909934169795886e-02 1.661396305569038528e-02
3.260000000000000000e+04 1.655893151515536871e-02 1.661392889322900468e-02
3.280000000000000000e+04 1.656030345931155945e-02 1.661393714847447453e-02
3.300000000000000000e+04 1.655851936991440190e-02 1.661326408608923902e-02
3.320000000000000000e+04 1.655929149463202313e-02 1.661395049726770504e-02
3.340000000000000000e+04 1.655860683989065010e-02 1.661179861231252067e-02
3.360000000000000000e+04 1.655877045099300726e-02 1.661394742354346810e-02
3.380000000000000000e+04 1.655872302748865460e-02 1.661280346349647621e-02
3.400000000000000000e+04 1.655759882718532347e-02 1.661462628211905768e-02
3.420000000000000000e+04 1.655734476021626309e-02 1.661341408487819818e-02
3.440000000000000000e+04 1.655719151208720138e-02 1.661406334764329445e-02
3.460000000000000000e+04 1.655781267203346174e-02 1.661304866055348869e-02
3.480000000000000000e+04 1.655708559955681655e-02 1.661402233508284254e-02
3.500000000000000000e+04 1.655627562387877380e-02 1.661279494481317925e-02
3.520000000000000000e+04 1.655626842257592463e-02 1.661217993231083392e-02
3.540000000000000000e+04 1.655688677218493735e-02 1.661145733875495772e-02
3.560000000000000000e+04 1.655652407025844444e-02 1.661187159181629416e-02
3.580000000000000000e+04 1.655653970253964311e-02 1.661217800021492358e-02
3.600000000000000000e+04 1.655551728711195103e-02 1.660999818813588616e-02
3.620000000000000000e+04 1.655492572288326525e-02 1.660950515942619110e-02
3.640000000000000000e+04 1.655445605465205236e-02 1.660908388069315053e-02
3.660000000000000000e+04 1.655372792838618809e-02 1.661149176471243133e-02
3.680000000000000000e+04 1.655333018578850068e-02 1.660899184391866415e-02
3.700000000000000000e+04 1.655384973658551376e-02 1.660894090759964040e-02
3.720000000000000000e+04 1.655179989988677172e-02 1.660991361619421069e-02
3.740000000000000000e+04 1.655204536037319443e-02 1.660812812164801436e-02
3.760000000000000000e+04 1.655114975893938814e-02 1.660779334694065593e-02
3.780000000000000000e+04 1.655117733485307954e-02 1.660865750836356888e-02
3.800000000000000000e+04 1.655053272652670313e-02 1.660765116428446209e-02
3.820000000000000000e+04 1.655106562608455595e-02 1.660830833093594056e-02
3.840000000000000000e+04 1.655136000310003866e-02 1.660760769270805404e-02
3.860000000000000000e+04 1.655031782785751013e-02 1.660715014382896718e-02
3.880000000000000000e+04 1.655140610923656191e-02 1.660594400623233852e-02
3.900000000000000000e+04 1.654887747098444592e-02 1.660749738917468785e-02
3.920000000000000000e+04 1.655026355431391330e-02 1.660716560030918790e-02
3.940000000000000000e+04 1.654999332822226429e-02 1.660768348252925422e-02
3.960000000000000000e+04 1.654856263164458316e-02 1.660837085972688767e-02
3.980000000000000000e+04 1.654836073051994816e-02 1.660751267004267548e-02
4.000000000000000000e+04 1.654983999230442634e-02 1.660664394195024776e-02
4.020000000000000000e+04 1.655124662575922431e-02 1.660738559267243425e-02
4.040000000000000000e+04 1.654881423964864318e-02 1.660633085899376749e-02
4.060000000000000000e+04 1.654913311872097462e-02 1.660827285114350668e-02
4.080000000000000000e+04 1.654980943042734867e-02 1.660623847103147310e-02
4.100000000000000000e+04 1.654765780893258098e-02 1.660749703788259521e-02
4.120000000000000000e+04 1.654756155671580076e-02 1.660703334141965318e-02
4.140000000000000000e+04 1.654798828042890885e-02 1.660696097675883748e-02
4.160000000000000000e+04 1.654851757929977699e-02 1.660685699638070334e-02
4.180000000000000000e+04 1.654762777407908433e-02 1.660685480077922840e-02
4.200000000000000000e+04 1.654764068381992317e-02 1.660503031361624041e-02
4.220000000000000000e+04 1.654789668281653886e-02 1.660723796506493113e-02
4.240000000000000000e+04 1.654830022161247680e-02 1.660547425019808301e-02
4.260000000000000000e+04 1.654699124539811897e-02 1.660562143871252908e-02
4.280000000000000000e+04 1.654551813111974218e-02 1.660534383561178967e-02
4.300000000000000000e+04 1.654544725939156510e-02 1.660603270571903156e-02
4.320000000000000000e+04 1.654468101865381319e-02 1.660563786129085409e-02
4.340000000000000000e+04 1.654570870335778446e-02 1.660512322854793346e-02
4.360000000000000000e+04 1.654570255579778867e-02 1.660443058202329403e-02
4.380000000000000000e+04 1.654642752055508412e-02 1.660685225402332502e-02
4.400000000000000000e+04 1.654509307614833447e-02 1.660502504430705698e-02
4.420000000000000000e+04 1.654485060149645317e-02 1.660511005534932513e-02
4.440000000000000000e+04 1.654477287967602572e-02 1.660449644802211924e-02
4.460000000000000000e+04 1.654460742437188422e-02 1.660430376806265595e-02
4.480000000000000000e+04 1.654465326714265466e-02 1.660524336800504180e-02
4.500000000000000000e+04 1.654512548218683640e-02 1.660539837261799240e-02
4.520000000000000000e+04 1.654430637308493268e-02 1.660444243788244262e-02
4.540000000000000000e+04 1.654483997519921867e-02 1.660509565265288687e-02
4.560000000000000000e+04 1.654418245720660000e-02 1.660463731329874654e-02
4.580000000000000000e+04 1.654308012445949647e-02 1.660444261353159062e-02
4.600000000000000000e+04 1.654440192258658723e-02 1.660395081432233799e-02
4.620000000000000000e+04 1.654386805699262566e-02 1.660625383975903799e-02
4.640000000000000000e+04 1.654462815028233391e-02 1.660514000233538623e-02
4.660000000000000000e+04 1.654523385362367816e-02 1.660481857646211451e-02
4.680000000000000000e+04 1.654421363376618395e-02 1.660485818385234666e-02
4.700000000000000000e+04 1.654349771463678453e-02 1.660429762060475212e-02
4.720000000000000000e+04 1.654433605662185280e-02 1.660513016645556381e-02
4.740000000000000000e+04 1.654274148551894419e-02 1.660369630823068168e-02
4.760000000000000000e+04 1.654324680919769947e-02 1.660403152211466574e-02
4.780000000000000000e+04 1.654257805010997395e-02 1.660375593891664017e-02
4.800000000000000000e+04 1.654235603790388948e-02 1.660206669641543439e-02
4.820000000000000000e+04 1.654272075972293421e-02 1.660202717690873603e-02
4.840000000000000000e+04 1.654211163129504572e-02 1.660145326479221806e-02
4.860000000000000000e+04 1.653968960802326693e-02 1.660049627621056761e-02
4.880000000000000000e+04 1.654168078008584966e-02 1.660201602357375475e-02
4.900000000000000000e+04 1.654076656045264798e-02 1.660286885608772481e-02
4.920000000000000000e+04 1.653976021634843280e-02 1.660233332192057737e-02
4.940000000000000000e+04 1.653989677843803116e-02 1.660149383819630592e-02
4.960000000000000000e+04 1.653965052761979457e-02 1.660122747627329129e-02
4.980000000000000000e+04 1.653779881574209479e-02 1.660010503241947030e-02
5.000000000000000000e+04 1.653862872693517838e-02 1.660071135055890199e-02
