1.000000000000000000e+01 2.086245646313095864e-02 2.081775829111223719e-02
1.022882695719855484e+01 2.081604178819216472e-02 2.078966184216117161e-02
1.046289009203118248e+01 2.078603220740182431e-02 2.079179817066464236e-02
1.070230922235742810e+01 2.078033533072227296e-02 2.077337897436537517e-02
1.094720690779243455e+01 2.077715209292695792e-02 2.078055321432664346e-02
1.119770851244574850e+01 2.077508484926054652e-02 2.077615832757423800e-02
1.145394226909567870e+01 2.078576649523785486e-02 2.078280114304164455e-02
1.171603934483218623e+01 2.076627381950497953e-02 2.077605204328470193e-02
1.198413390820183366e+01 2.077135955862272759e-02 2.077440993907194583e-02
1.225836319788922424e+01 2.078646266255874259e-02 2.077196538320144614e-02
1.253886759296999642e+01 2.076777775298430107e-02 2.077781106043372766e-02
1.282579068477148532e+01 2.076841014924158194e-02 2.077302823383980410e-02
1.311927935037766701e+01 2.077712552211292280e-02 2.077786951700749327e-02
1.341948382781614058e+01 2.077202384022559800e-02 2.077970824794281648e-02
1.372655779296557910e+01 2.077942127876725859e-02 2.077778980323636074e-02
1.404065843822302639e+01 2.076553513930715772e-02 2.077367657236989587e-02
1.436194655297130396e+01 2.076735792646720868e-02 2.078356108138706276e-02
1.469058660588777343e+01 2.076044939967418637e-02 2.075948220645349590e-02
1.502674682913648674e+01 2.077862945523596336e-02 2.077724243557682246e-02
1.537059930448691780e+01 2.076730478459925394e-02 2.077666849674662808e-02
1.572232005140332056e+01 2.077734872081212977e-02 2.076704970057936459e-02
1.608208911714976352e+01 2.076365389311657719e-02 2.076946237090595074e-02
1.645009066895709893e+01 2.077693420913622954e-02 2.077948504924577444e-02
1.682651308829887782e+01 2.077307074839855605e-02 2.076640136196861858e-02
1.721154906732458656e+01 2.076944642797881949e-02 2.076571050964011803e-02
1.760539570749953597e+01 2.076178859103627178e-02 2.077554718929707292e-02
1.800825462050190495e+01 2.077117887431630117e-02 2.077620615650795435e-02
1.842033203142852926e+01 2.076708690041884423e-02 2.077249149466832423e-02
1.884183888436241361e+01 2.076767678204657908e-02 2.076254852958186320e-02
1.927299095035581900e+01 2.077289006306515598e-02 2.076634290505831315e-02
1.971400893788434772e+01 2.076363795128518749e-02 2.077389977095418089e-02
2.016511860582846438e+01 2.077224172498924951e-02 2.076909568752882337e-02
2.062655087904043327e+01 2.077994738939087371e-02 2.076393554902033686e-02
2.109854196655563285e+01 2.076635353384874774e-02 2.078478867260095259e-02
2.158133348250892425e+01 2.075773913102474041e-02 2.078306154090223470e-02
2.207517256981790155e+01 2.076493994236727411e-02 2.076498245684796004e-02
2.258031202669634396e+01 2.077664192493770476e-02 2.076462108757251568e-02
2.309701043606263937e+01 2.076979716891252589e-02 2.077430365434588394e-02
2.362553229790938403e+01 2.077694483743425594e-02 2.079138365918644857e-02
2.416614816470206151e+01 2.075708016455460325e-02 2.077262966481562348e-02
2.471913477987587981e+01 2.078155229393344530e-02 2.077617958498204423e-02
2.528477521950187423e+01 2.077096098929308646e-02 2.077859756944091044e-02
2.586335903719469087e+01 2.075947689189687473e-02 2.076090111192247997e-02
2.645518241233618895e+01 2.077527084833839799e-02 2.077683855248658312e-02
2.706054830169094672e+01 2.077562690276947913e-02 2.077110447522319964e-02
2.767976659449099230e+01 2.076725164194075102e-02 2.077710957968771296e-02
2.831315427106934735e+01 2.076649170401660693e-02 2.076761832534610233e-02
2.896103556512354871e+01 2.077310263347806676e-02 2.077810334424068373e-02
2.962374212969218235e+01 2.076605062164111129e-02 2.076294709788874260e-02
3.030161320692940663e+01 2.075984357595063445e-02 2.077155087165142439e-02
3.099499580176432190e+01 2.077453216687926568e-02 2.076901597346094905e-02
3.170424485953429183e+01 2.076905317382314251e-02 2.077609987136496902e-02
3.242972344768281800e+01 2.076516314159548501e-02 2.076115619534280032e-02
3.317180294161520493e+01 2.077388382847200621e-02 2.077519644872600699e-02
3.393086321480718937e+01 2.076760238285804000e-02 2.077951693493311838e-02
3.470729283326365788e+01 2.078034595892367525e-02 2.077677478108590908e-02
3.550148925442714898e+01 2.076657673232412335e-02 2.078650517623236230e-02
3.631385903063792142e+01 2.076793186629111512e-02 2.077029670832923613e-02
3.714481801724973309e+01 2.078879030440393058e-02 2.076523222648127970e-02
3.799479158550786195e+01 2.076861209012990581e-02 2.077529210484850911e-02
3.886421484029838069e+01 2.076906911633357236e-02 2.078018121682379329e-02
3.975353284288001277e+01 2.078838642144013524e-02 2.077969761967297588e-02
4.066320083871291757e+01 2.076918602972344791e-02 2.077470753687149507e-02
4.159368449050057137e+01 2.077738060556781965e-02 2.076799563709131116e-02
4.254546011656436377e+01 2.078061698539238403e-02 2.078055852894341790e-02
4.351901493467295268e+01 2.077546747567626112e-02 2.077000442437590064e-02
4.451484731145091445e+01 2.077368720105223290e-02 2.076682118847991351e-02
4.553346701749467229e+01 2.076948894206614646e-02 2.077360748734337348e-02
4.657539548832607323e+01 2.076592307914926563e-02 2.076733666967443132e-02
4.764116609131736624e+01 2.078376833690145226e-02 2.076313309670933457e-02
4.873132439872406962e+01 2.077420268323953642e-02 2.078234411682662250e-02
4.984642846696566920e+01 2.075865318297302753e-02 2.077688637990772816e-02
5.098704912229678143e+01 2.077489885056594057e-02 2.076951551336744112e-02
5.215377025301561531e+01 2.076612502068110599e-02 2.078855116339983766e-02
5.334718910835864847e+01 2.077278377841685827e-02 2.076578490839245048e-02
5.456791660423480295e+01 2.078391713552577014e-02 2.078401810626512303e-02
5.581657763595595156e+01 2.076898940202690294e-02 2.078036721552869656e-02
5.709381139812321493e+01 2.077756129053979703e-02 2.075559748781098321e-02
5.840027171183328392e+01 2.076779369500107025e-02 2.077245429441601510e-02
5.973662735937204360e+01 2.077243303784022735e-02 2.077872511165094679e-02
6.110356242656693837e+01 2.077948504955728568e-02 2.078414564832950853e-02
6.250177665297326257e+01 2.077392102776228280e-02 2.077435148246203900e-02
6.393198579007361104e+01 2.076581147963533006e-02 2.077747094808576195e-02
6.539492196767402277e+01 2.077602547186458912e-02 2.075904643749778081e-02
6.689133406868398879e+01 2.075726616318933695e-02 2.077815648644102189e-02
6.842198811247291701e+01 2.076212338929230364e-02 2.076131562326617372e-02
6.998766764699819021e+01 2.077224703907554898e-02 2.076199584688856112e-02
7.158917414990682460e+01 2.076886186028792033e-02 2.077452153916599376e-02
7.322732743881488204e+01 2.077445776773940295e-02 2.077246492290638069e-02
7.490296609097549663e+01 2.076681587370714580e-02 2.077092910425267641e-02
7.661694787254994310e+01 2.076301086918941330e-02 2.077764100436579886e-02
7.837015017770151815e+01 2.077877825440228171e-02 2.076105522415386262e-02
8.016347047773723489e+01 2.076532788297750023e-02 2.077772603228978179e-02
8.199782678052690699e+01 2.076975465437253324e-02 2.078059572805809191e-02
8.387415810043515307e+01 2.077710957926794458e-02 2.077600952933174663e-02
8.579342493900645650e+01 2.075867975405252738e-02 2.077151898606789671e-02
8.775660977664999507e+01 2.076522159807431961e-02 2.077154024323207490e-02
8.976471757557521869e+01 2.078087206983880025e-02 2.077440462502700910e-02
9.181877629423586029e+01 2.077372971459341688e-02 2.078701003032881744e-02
9.391983741354633253e+01 2.077647718260444351e-02 2.076975996909898384e-02
9.606897647513879690e+01 2.077574381632503464e-02 2.078056915741615870e-02
9.826729363193734912e+01 2.078161606467513953e-02 2.078141412330891669e-02
1.005159142113306530e+02 2.077264560755309047e-02 2.077457468113276182e-02
1.028159892912316167e+02 2.078262045798649413e-02 2.077080687614441326e-02
1.051686962893188877e+02 2.076721975669717710e-02 2.076910100199510709e-02
1.075752395657611515e+02 2.077211418251554906e-02 2.077337366010655051e-02
1.100368510397351258e+02 2.077415485506982004e-02 2.078443261813675211e-02
1.125547908200483249e+02 2.076872900391712670e-02 2.078093584089960727e-02
1.151303478501955766e+02 2.077371377194146135e-02 2.078484712953428820e-02
1.177648405681727155e+02 2.076643324733574644e-02 2.080084302726670567e-02
1.204596175813914982e+02 2.076057694185316424e-02 2.078442198930693582e-02
1.232160583570366157e+02 2.078423067678095496e-02 2.077732746286550802e-02
1.260355739282206287e+02 2.076670427350049003e-02 2.076665644630656601e-02
1.289196076162974407e+02 2.076562548117322909e-02 2.078204651867737382e-02
1.318696357697043311e+02 2.076729947055820300e-02 2.077595638625374247e-02
1.348871685197107695e+02 2.077209292563543877e-02 2.078338571045382568e-02
1.379737505534600359e+02 2.077209823955362966e-02 2.077849659900395454e-02
1.411309619047022181e+02 2.077654095406990253e-02 2.078361422364421313e-02
1.443604187626178827e+02 2.076364857946984624e-02 2.077731683456772449e-02
1.476637742991539142e+02 2.076981842559116540e-02 2.077126921656456682e-02
1.510427195152868762e+02 2.076039625699833274e-02 2.078204120525532772e-02
1.544989841066546319e+02 2.078040972887584825e-02 2.078695688786586990e-02
1.580343373489940006e+02 2.077810865820322109e-02 2.078962995617060147e-02
1.616505890038399968e+02 2.076522691179644511e-02 2.079300450677002560e-02
1.653495902449502637e+02 2.077224703874707562e-02 2.076898940224290724e-02
1.691332346059282372e+02 2.077573850248055909e-02 2.079351998867336529e-02
1.730034589495307955e+02 2.077312389071936730e-02 2.079350404599181537e-02
1.769622444591552153e+02 2.076232001658715257e-02 2.078809413732199060e-02
1.810116176530169128e+02 2.076427034683857656e-02 2.078409250566818842e-02
1.851536514215295313e+02 2.078848739180097147e-02 2.077303886236291433e-02
1.893904660884287523e+02 2.078328473982888822e-02 2.078381085040238371e-02
1.937242304961718560e+02 2.076456263032901844e-02 2.078283834307725203e-02
1.981571631161788787e+02 2.076957397016150272e-02 2.079044835087083543e-02
2.026915331844761567e+02 2.077545684671110171e-02 2.078755739786482606e-02
2.073296618633275159e+02 2.077504764959584721e-02 2.078198806203151311e-02
2.120739234294465234e+02 2.078596312308591751e-02 2.078479398723079644e-02
2.169267464893984823e+02 2.075126105914961577e-02 2.078476210153897344e-02
2.218906152228138069e+02 2.076871837572187920e-02 2.076307464018539370e-02
2.269680706540487449e+02 2.076778838168142835e-02 2.078360890912571771e-02
2.321617119529482238e+02 2.076049722818593471e-02 2.077488290769715848e-02
2.374741977653680181e+02 2.077903333823499440e-02 2.078497998577174405e-02
2.429082475741499252e+02 2.078526164114691960e-02 2.078361422352996424e-02
2.484666430912324984e+02 2.076608782122955910e-02 2.078518192797395789e-02
2.541522296816230835e+02 2.075842467014053436e-02 2.078435290443390523e-02
2.599679178199504577e+02 2.076304275490194196e-02 2.079362095929481596e-02
2.659166845803487718e+02 2.076630570513814111e-02 2.077810334413914342e-02
2.720015751604336742e+02 2.075760627545240530e-02 2.077798643059150865e-02
2.782257044401512189e+02 2.076600810744418449e-02 2.078866807657332033e-02
2.845922585762979224e+02 2.078648391923943253e-02 2.079222331101408458e-02
2.911044966335254571e+02 2.077320360389747420e-02 2.079857384152735897e-02
2.977657522526724279e+02 2.077204509670290550e-02 2.078763711230380631e-02
3.045794353572638329e+02 2.076199584734119211e-02 2.078353982370655453e-02
3.115490338990697978e+02 2.076537039697858716e-02 2.079327021865788605e-02
3.186781156435968114e+02 2.077144458687358447e-02 2.078367799457902718e-02
3.259703299964464236e+02 2.076642793306561138e-02 2.078002710340074582e-02
3.334294098714559595e+02 2.076613033487007681e-02 2.078661146139481469e-02
3.410591736015954325e+02 2.076643324733602400e-02 2.078593123660959011e-02
3.488635268935860836e+02 2.077736997768839938e-02 2.078603220782609950e-02
3.568464648272476438e+02 2.076278767049805768e-02 2.078545826933749299e-02
3.650120739005959649e+02 2.075953534861482014e-02 2.079455095308487336e-02
3.733645341217363125e+02 2.077589792980150465e-02 2.078746705621007176e-02
3.819081211486299594e+02 2.076595496472990326e-02 2.079435432625673791e-02
3.906472084778153544e+02 2.076517908386068395e-02 2.078886470393062971e-02
3.995862696832244865e+02 2.078251417294886896e-02 2.080044445842524348e-02
4.087298807062173864e+02 2.075915272217905214e-02 2.079342964621721385e-02
4.180827221980309787e+02 2.077545684722779257e-02 2.080182084988354760e-02
4.276495819158173504e+02 2.077541964669689378e-02 2.080075799961408206e-02
4.374353571735204014e+02 2.076944111347063526e-02 2.079672448247859434e-02
4.474450573488282998e+02 2.076812849361394514e-02 2.079746847744740751e-02
4.576838064474948169e+02 2.076216590308564702e-02 2.081030771029457327e-02
4.681568457263384744e+02 2.076186830532795666e-02 2.079831875756126686e-02
4.788695363762611237e+02 2.075849906937779835e-02 2.079097977623649979e-02
4.898273622666678193e+02 2.075980637513176463e-02 2.079697956659338001e-02
5.010359327526748530e+02 2.076284612772301766e-02 2.080025846001310602e-02
5.125009855465686996e+02 2.076574239476211559e-02 2.080830423745113136e-02
5.242283896549563451e+02 2.076580085115596261e-02 2.078970966990358049e-02
5.362241483831410278e+02 2.076898940272595834e-02 2.080175176421011907e-02
5.484944024082310534e+02 2.076193739056874515e-02 2.079864292791355415e-02
5.610454329225825632e+02 2.075647433982702808e-02 2.078968309875406026e-02
5.738836648491645747e+02 2.076891500327467804e-02 2.079444998280968390e-02
5.870156701305033948e+02 2.076141659307459073e-02 2.080251701700768299e-02
6.004481710928873781e+02 2.075686759453470448e-02 2.080428666170444987e-02
6.141880438875489290e+02 2.076341475238930798e-02 2.080705538788480205e-02
6.282423220106015833e+02 2.076496651357329429e-02 2.080950525769243234e-02
6.426181999035048875e+02 2.076521096974051975e-02 2.079901492450835984e-02
6.573230366359387062e+02 2.076128905151655712e-02 2.079446592512071423e-02
6.723643596729295950e+02 2.075432206702476634e-02 2.079347747497948748e-02
6.877498687282013634e+02 2.077056773570656878e-02 2.081830565849340092e-02
7.034874397056792077e+02 2.075278624863571147e-02 2.078804099574339120e-02
7.195851287312044633e+02 2.075355150116667963e-02 2.079561380397986631e-02
7.360511762764936066e+02 2.075199974005664111e-02 2.080311221302953012e-02
7.528940113774701786e+02 2.076615690609504017e-02 2.080823515122431563e-02
7.701222559491221773e+02 2.076013054448478876e-02 2.080766121200315968e-02
7.877447291990945359e+02 2.075501292072199841e-02 2.081063187922429364e-02
8.057704521422781454e+02 2.076079482613459384e-02 2.080524322889004685e-02
8.242086522186993989e+02 2.076695935791744371e-02 2.081480888130238932e-02
8.430687680170927933e+02 2.075750530482606618e-02 2.080437169076333401e-02
8.623604541065404874e+02 2.075861066817952238e-02 2.079801053091933499e-02
8.820935859786976607e+02 2.075705890730804651e-02 2.081960233602767746e-02
9.022782651030843226e+02 2.075830775661919453e-02 2.081266192296502698e-02
9.229248240980772380e+02 2.076246881538968553e-02 2.081455911162527483e-02
9.440438320202144951e+02 2.075491194972448050e-02 2.081636595707045748e-02
9.656460997745393797e+02 2.075938654908927872e-02 2.081540407760059178e-02
9.877426856487453506e+02 2.074632943263384974e-02 2.080829892267148373e-02
1.010344900973958374e+03 2.076194270438563513e-02 2.081011108260643477e-02
1.033464315915052794e+03 2.076689027318545655e-02 2.081025988243000863e-02
1.057112765393466589e+03 2.075777101710765335e-02 2.080745395700133241e-02
1.081302355145540105e+03 2.075618205579965458e-02 2.081234306851223112e-02
1.106045467919498606e+03 2.076230407363493374e-02 2.082333294192646039e-02
1.131354769814225619e+03 2.075830244224895552e-02 2.082502818698508951e-02
1.157243216763091596e+03 2.076532788287112352e-02 2.081883176960320006e-02
1.183724061166147976e+03 2.075887106682649391e-02 2.082830176643945055e-02
1.210810858674084557e+03 2.075393944166597712e-02 2.081293294974950053e-02
1.238517475127420312e+03 2.075939717826618194e-02 2.081772109153829514e-02
1.266858093654484719e+03 2.075277562016748095e-02 2.081800806127026213e-02
1.295847221931816421e+03 2.076431817532254850e-02 2.082369962399940530e-02
1.325499699610702010e+03 2.076428097585480970e-02 2.083189951510141733e-02
1.355830705913653446e+03 2.074996438070965746e-02 2.082592098217846133e-02
1.386855767404713788e+03 2.075994986066651352e-02 2.081980959215534721e-02
1.418590765937562310e+03 2.075191471218668093e-02 2.082422042142486815e-02
1.451051946785508107e+03 2.076755455409386164e-02 2.083404115848844218e-02
1.484255926957504698e+03 2.075862129723002325e-02 2.083193671458904994e-02
1.518219703704465246e+03 2.075811644327779301e-02 2.083813844664060555e-02
1.552960663220223523e+03 2.076049191403945074e-02 2.082680846217502268e-02
1.588496589541596904e+03 2.076513125621001765e-02 2.082727080176689435e-02
1.624845673652105233e+03 2.076400994904335426e-02 2.083954672358870677e-02
1.662026522794009679e+03 2.076459451623403202e-02 2.084728427387633198e-02
1.700058169993434376e+03 2.077547279007668432e-02 2.083931289644521193e-02
1.738960083803448470e+03 2.076278235630537455e-02 2.084457400610148503e-02
1.778752178270098739e+03 2.078046818646748367e-02 2.084068928801740064e-02
1.819454823126483461e+03 2.077721054977588883e-02 2.084252270428151033e-02
1.861088854220110079e+03 2.076735261269310046e-02 2.085466577006508254e-02
1.903675584178843110e+03 2.078117498130072072e-02 2.083614028798007681e-02
1.947236813320925648e+03 2.078764774112688840e-02 2.084275653125888458e-02
1.991794840814649206e+03 2.078186583414303595e-02 2.085045688281335699e-02
2.037372476093388514e+03 2.079234022409090152e-02 2.085130184843003720e-02
2.083993050531842073e+03 2.079163874330264283e-02 2.085387926044228457e-02
2.131680429389455185e+03 2.078437947506605113e-02 2.085289081021058158e-02
2.180459024027145006e+03 2.079433306871257547e-02 2.084979791543996319e-02
2.230353804403570848e+03 2.079271753630489508e-02 2.084733741641981580e-02
2.281390311857362121e+03 2.079436495469762919e-02 2.085660015716105445e-02
2.333594672181819988e+03 2.079870669851371576e-02 2.085308212326705130e-02
2.386993608998832315e+03 2.078959807103999621e-02 2.085785963503215129e-02
2.441614457438792215e+03 2.078947052840739509e-02 2.086475221968011468e-02
2.497485178133563750e+03 2.080354798186953222e-02 2.086461936375435741e-02
2.554634371529642976e+03 2.081042462336337925e-02 2.086890265043973500e-02
2.613091292528839858e+03 2.080132662513916458e-02 2.085820506124622803e-02
2.672885865463981190e+03 2.079819653008702779e-02 2.086912053468477357e-02
2.734048699417295666e+03 2.080394123602068851e-02 2.086206852277374887e-02
2.796611103889327751e+03 2.081874142767731195e-02 2.086862099532869885e-02
2.860605104826396200e+03 2.081096667690595856e-02 2.087459952879259020e-02
2.926063461014806762e+03 2.080428666221111403e-02 2.087326033717768620e-02
2.993019680850195527e+03 2.081397454374178668e-02 2.086800454140450706e-02
3.061508039490629471e+03 2.081228461135614660e-02 2.087249508512433599e-02
3.131563596402184430e+03 2.081361317435529573e-02 2.086898767829576881e-02
3.203222213306031790e+03 2.081394797273904140e-02 2.086595855492316687e-02
3.276520572536195232e+03 2.080781532631787237e-02 2.088729527546661843e-02
3.351496195817387616e+03 2.081858731401244056e-02 2.087337725056508109e-02
3.428187463472529544e+03 2.083048592403062213e-02 2.087812287723299701e-02
3.506633634069794425e+03 2.081353346092691334e-02 2.088897458006995500e-02
3.586874864519224502e+03 2.082176523706565086e-02 2.089457580151743085e-02
3.668952230629215137e+03 2.081571230456348565e-02 2.088422363837438844e-02
3.752907748133392033e+03 2.083650697127970020e-02 2.088919777792640209e-02
3.838784394198616155e+03 2.083454601253628344e-02 2.089604253448356513e-02
3.926626129425192630e+03 2.083043809605152064e-02 2.090321677471973158e-02
4.016477920350462682e+03 2.081727469448137885e-02 2.089648893169716512e-02
4.108385762467360109e+03 2.083599680346752067e-02 2.089608504832542527e-02
4.202396703769686610e+03 2.082928490320075376e-02 2.089516036864845147e-02
4.298558868836172223e+03 2.083869644317156572e-02 2.091716137168945361e-02
4.396921483465635902e+03 2.083263819597510821e-02 2.090464099365012263e-02
4.497534899875875453e+03 2.083940323918527862e-02 2.091778845361092626e-02
4.600450622479164849e+03 2.083464698294750991e-02 2.091688503071578373e-02
4.705721334247575214e+03 2.083505618068817386e-02 2.091592846443269052e-02
4.813400923681599124e+03 2.084001437777255675e-02 2.091883536109238537e-02
4.923544512395876154e+03 2.084979260108573568e-02 2.089784938051273896e-02
5.036208483336195059e+03 2.084996797105005337e-02 2.091917015858638443e-02
5.151450509642131692e+03 2.085753015163904767e-02 2.093113254015370114e-02
5.269329584170166527e+03 2.086161681115657196e-02 2.090830251389808742e-02
5.389906049692364832e+03 2.086349274243507954e-02 2.092499457887382272e-02
5.513241629786082740e+03 2.085418748708700934e-02 2.093280121506456426e-02
5.639399460430517138e+03 2.084993077105960074e-02 2.092756667632508089e-02
5.768444122326265642e+03 2.086730306089893891e-02 2.094159630163928976e-02
5.900441673954445832e+03 2.086788231402108770e-02 2.094507182286341890e-02
6.035459685392299434e+03 2.085657358631557573e-02 2.094758546326531620e-02
6.173567272902591867e+03 2.086762723050908375e-02 2.094319057757839525e-02
6.314835134314479546e+03 2.087744265289354778e-02 2.095151801031508096e-02
6.459335585214049388e+03 2.087585369167048108e-02 2.094643758527963903e-02
6.607142595962936866e+03 2.087410530284309132e-02 2.096513843771403290e-02
6.758331829564051986e+03 2.087783590793165778e-02 2.094402491489471413e-02
6.912980680393779949e+03 2.088879920976396964e-02 2.094734632227503168e-02
7.071168313820469848e+03 2.088246993569508811e-02 2.096607906044574421e-02
7.232975706729506783e+03 2.088751847437102932e-02 2.095237891833606758e-02
7.398485688975703852e+03 2.089328975283034906e-02 2.096592494673302914e-02
7.567782985784239827e+03 2.089105245229912894e-02 2.096352290527580056e-02
7.740954261121839409e+03 2.089424100392740791e-02 2.097090971527045336e-02
7.918088162060416835e+03 2.088929343475026679e-02 2.096418187236978245e-02
8.099275364155833813e+03 2.087547638037026698e-02 2.097235519138709522e-02
8.284608617865133056e+03 2.090459316595647682e-02 2.095726803013727227e-02
8.474182796025832431e+03 2.089407626145270425e-02 2.096698248300048542e-02
8.668094942421725136e+03 2.087567300712097826e-02 2.097898206417223368e-02
8.866444321459979619e+03 2.088832092711457103e-02 2.098202713025392255e-02
9.069332468984986917e+03 2.090161187105724766e-02 2.098069325339418575e-02
9.276863244254975143e+03 2.089356609348569718e-02 2.097853566688815535e-02
9.489142883107973830e+03 2.089925765668208812e-02 2.099732154754693422e-02
9.706280052344363867e+03 2.090007073777448363e-02 2.098963182476610775e-02
9.928385905353861745e+03 2.090862136928194753e-02 2.097557562812363621e-02
1.015557413901536529e+04 2.091214471781783005e-02 2.098788874972633625e-02
1.038796105189891750e+04 2.090000165263089862e-02 2.099821965605798077e-02
1.062566560379921975e+04 2.089996976650878094e-02 2.098864337376429162e-02
1.086880947663187908e+04 2.090689955093428740e-02 2.097532054409710633e-02
1.111751713672273945e+04 2.090383854210596526e-02 2.099403733979707254e-02
1.137191589852265497e+04 2.091047072817934019e-02 2.099962793265822830e-02
1.163213598978032314e+04 2.090116015916916939e-02 2.100301842536841240e-02
1.189831061820643299e+04 2.089892817357641777e-02 2.098703847005013029e-02
1.217057603966318675e+04 2.090816434333199469e-02 2.098307403757334114e-02
1.244907162791417613e+04 2.091015718745317317e-02 2.100089803924411538e-02
1.273393994597040728e+04 2.090532121807674865e-02 2.099215609451075132e-02
1.302532681906894686e+04 2.090628841273361668e-02 2.098823417635372474e-02
1.332338140932141505e+04 2.089140850717531236e-02 2.099403733936880054e-02
1.362825629207048041e+04 2.091183649130820554e-02 2.098627321695454434e-02
1.394010753399411988e+04 2.090675606579721693e-02 2.099148649881988141e-02
1.425909477299658647e+04 2.089934799899428874e-02 2.099815588533283928e-02
1.458538129992766153e+04 2.090574635869564546e-02 2.098597561963303632e-02
1.491913414217196078e+04 2.090472070811641436e-02 2.097737184531408075e-02
1.526052414915097143e+04 2.089351295078144960e-02 2.098678870033122631e-02
1.560972607978151427e+04 2.090145244285804976e-02 2.099206575216899795e-02
1.596691869193546336e+04 2.089372552183615256e-02 2.098468425651668981e-02
1.633228483394667637e+04 2.089398591956811296e-02 2.099293197551666684e-02
1.670601153821187108e+04 2.089478305683340614e-02 2.097585728399826294e-02
1.708829011693321809e+04 2.088506329019343410e-02 2.099161404043341575e-02
1.747931626005159706e+04 2.089421974600431248e-02 2.097138799794708020e-02
1.787929013542145913e+04 2.089582465038899647e-02 2.098246289894625805e-02
1.828841649127733763e+04 2.089327380979699028e-02 2.100081832525875838e-02
1.870690476104524350e+04 2.089834891985584836e-02 2.101271693511777908e-02
1.913496917055253653e+04 2.089543139544678546e-02 2.099238460708316087e-02
1.957282884769108205e+04 2.089653144616555186e-02 2.099740657546331213e-02
2.002070793458962726e+04 2.090873296871251230e-02 2.099750754627037475e-02
2.047883570235295701e+04 2.090128770179365547e-02 2.101020329370927378e-02
2.094744666842678998e+04 2.090499704887181093e-02 2.100758336736475648e-02
2.142678071664827439e+04 2.091241574478163584e-02 2.099998398794228338e-02
2.191708322004347065e+04 2.091165049190343850e-02 2.101163282761054490e-02
2.241860516643445226e+04 2.090771263222147847e-02 2.102619387847026733e-02
2.293160328692152689e+04 2.090685172245286896e-02 2.101372132903846224e-02
2.345634018730460957e+04 2.091768748245321011e-02 2.102084774046290155e-02
2.399308448251214213e+04 2.092105140395838017e-02 2.101677702360441394e-02
2.454211093410622561e+04 2.093056922900397507e-02 2.103189075616170370e-02
2.510370059093429154e+04 2.092905466774666254e-02 2.104019693257735621e-02
2.567814093299902015e+04 2.092742850584176917e-02 2.105069789385346016e-02
2.626572601862042575e+04 2.093461868908046489e-02 2.103164630027185705e-02
2.686675663496557900e+04 2.094915316840961772e-02 2.103984619137202680e-02
2.748154045202287307e+04 2.094754294962752547e-02 2.105119212003088783e-02
2.811039218009949764e+04 2.095712985988658003e-02 2.104453867550880666e-02
2.875363373092248730e+04 2.094858985714831423e-02 2.105524157951350894e-02
2.941159438242732722e+04 2.095503073063895855e-02 2.105274388109452596e-02
3.008461094731625053e+04 2.094381234477103379e-02 2.106529082971768038e-02
3.077302794547395024e+04 2.094917973923570917e-02 2.106048674592837788e-02
3.147719778032880640e+04 2.094879179876605810e-02 2.105182982991166477e-02
3.219748091924974506e+04 2.094475828216076432e-02 2.105533192126249689e-02
3.293424607807082066e+04 2.096373016137793865e-02 2.106153365406096545e-02
3.368787040983819315e+04 2.094827631633034218e-02 2.105718659561636383e-02
3.445873969787640090e+04 2.095535490032853984e-02 2.106712424674566167e-02
3.524724855327257683e+04 2.094635255754757203e-02 2.106676287800009553e-02
3.605380061687933630e+04 2.095335142672328024e-02 2.105898281301284147e-02
3.687880876593968424e+04 2.096587711904901105e-02 2.106853783782057857e-02
3.772269532544137473e+04 2.096035561064186689e-02 2.107102490765388331e-02
3.858589228430630465e+04 2.095212914892909811e-02 2.107705658373357216e-02
3.946884151652723813e+04 2.096132280476228557e-02 2.107874651570600458e-02
4.037199500736509071e+04 2.095158709557827514e-02 2.107868805946446975e-02
4.129581508472210407e+04 2.095680037647139685e-02 2.107700344115335730e-02
4.224077465580925491e+04 2.097224359338085986e-02 2.109398247686110686e-02
4.320735744922915910e+04 2.096342724837592375e-02 2.107760926590821968e-02
4.419605826259885362e+04 2.098050725482412254e-02 2.107515408166406312e-02
4.520738321583886136e+04 2.096850767309477864e-02 2.109756959654170497e-02
4.624185001025794190e+04 2.099086473156561508e-02 2.108711114885150964e-02
4.729998819356581225e+04 2.097893423620522321e-02 2.108903490775540512e-02
4.838233943095188442e+04 2.097604328286886352e-02 2.109256888548749140e-02
4.948945778236517071e+04 2.097307261591655272e-02 2.108332208675477853e-02
5.062190998613971169e+04 2.099009416466529263e-02 2.108564441549663424e-02
5.178027574911040574e+04 2.097282816001000763e-02 2.110223019602043559e-02
5.296514804336745146e+04 2.098564082169685971e-02 2.110162968455046514e-02
5.417713340980097564e+04 2.097589448394461889e-02 2.110324521849317111e-02
5.541685226859152317e+04 2.096815693302924236e-02 2.108237083579689308e-02
5.668493923680582520e+04 2.098366391956793878e-02 2.110842129913899010e-02
5.798204345326008479e+04 2.097550654324876335e-02 2.110608834309048512e-02
5.930882891081652633e+04 2.096925166882958325e-02 2.108096787359113947e-02
6.066597479628376459e+04 2.097226485039150462e-02 2.108806771414211551e-02
6.205417583809548523e+04 2.097634619489980451e-02 2.110187945529186024e-02
6.347414266194508673e+04 2.096643511517027811e-02 2.108814742764941741e-02
6.492660215455713478e+04 2.098606596259782603e-02 2.109471584338638850e-02
6.641229783578390197e+04 2.096536163642426925e-02 2.111662119053723391e-02
6.793199023921649496e+04 2.098218124390097833e-02 2.107945862569683346e-02
6.948645730150473537e+04 2.097917869151108561e-02 2.109048569799785652e-02
7.107649476058587607e+04 2.096655202866890000e-02 2.110405298432563651e-02
7.270291656302618503e+04 2.097549060060543979e-02 2.108679229423084112e-02
7.436655528068386775e+04 2.095891544880431126e-02 2.110296356255243408e-02
7.606826253690563317e+04 2.096784870634786288e-02 2.108849285425089953e-02
7.780890944247580774e+04 2.098881342993572097e-02 2.108043644802035099e-02
7.958938704154167499e+04 2.096468672701656127e-02 2.110308579054161887e-02
8.141060676774317108e+04 2.097328518615676832e-02 2.109317471022818802e-02
8.327350091077831166e+04 2.099768823106819629e-02 2.109525258231706793e-02
8.517902309364666871e+04 2.096574957645564244e-02 2.111650427717760500e-02
8.712814876081304101e+04 2.098025217036886270e-02 2.109825513497154761e-02
8.912187567754110205e+04 2.097092034396147789e-02 2.109479024315515441e-02
9.116122444065315358e+04 2.097942314713888146e-02 2.110630622659743702e-02
9.324723900097796286e+04 2.097256244799541522e-02 2.109160169169541077e-02
9.538098719775388599e+04 2.097511860275230386e-02 2.111197653381665859e-02
9.756356130525960180e+04 2.097515580285841397e-02 2.109852616262536396e-02
9.979607859195342462e+04 2.098629978916619759e-02 2.110816621557908696e-02
1.020796818924077670e+05 2.097520894544582098e-02 2.110714587929429092e-02
1.044155401923314785e+05 2.097366781231982738e-02 2.110401578444708048e-02
1.068048492269768176e+05 2.098744766806517545e-02 2.111838552214105602e-02
1.092488320932428760e+05 2.098177204677120419e-02 2.112814780353419741e-02
1.117487398757822375e+05 2.098662927246138996e-02 2.112359880369131873e-02
1.143058522874369082e+05 2.099242180763100443e-02 2.111926768777302316e-02
1.169214783243291895e+05 2.098711287041215082e-02 2.112121270439282564e-02
1.195969569359403540e+05 2.099550407314375311e-02 2.112236058250773277e-02
1.223336577105262550e+05 2.099377162732832952e-02 2.113116098412045826e-02
1.251329815762130456e+05 2.099755005995904839e-02 2.113022567564709631e-02
1.279963615181399218e+05 2.100865684790944460e-02 2.112800963285350539e-02
1.309252633120079990e+05 2.101963609159680779e-02 2.114388861824293558e-02
1.339211862744187529e+05 2.099963856154004466e-02 2.115205662312881832e-02
1.369856640303782187e+05 2.101288167693990058e-02 2.114306490801408020e-02
1.401202652983678563e+05 2.100784908068585935e-02 2.114812939088882293e-02
1.433265946933759551e+05 2.101628811292554494e-02 2.115804047076113095e-02
1.466062935483073816e+05 2.101705336466748106e-02 2.115773224420935961e-02
1.499610407541892491e+05 2.103175790005582663e-02 2.116761143879931917e-02
1.533925536196000467e+05 2.100283774142563606e-02 2.116410403264879989e-02
1.569025887497691147e+05 2.103425028470339367e-02 2.115510168981111702e-02
1.604929429457875085e+05 2.103138058909689509e-02 2.117053427773472538e-02
1.641654541244002467e+05 2.102160767933192870e-02 2.117219763819226663e-02
1.679220022588405991e+05 2.102736832856224106e-02 2.117263340710756961e-02
1.717645103411987075e+05 2.103989933426530720e-02 2.117030576445471518e-02
1.756949453668061178e+05 2.103722095148350887e-02 2.118111495352815316e-02
1.797153193411515676e+05 2.103911282439931488e-02 2.116643167484465876e-02
1.838276903098315815e+05 2.103867705687052087e-02 2.117894673810334291e-02
1.880341634120754607e+05 2.103440971220944811e-02 2.117862256908416979e-02
1.923368919583717361e+05 2.104227480508668799e-02 2.118192271974115096e-02
1.967380785327576741e+05 2.104604260971388793e-02 2.118758771185546771e-02
2.012399761203319940e+05 2.105165977385092813e-02 2.118961244257488996e-02
2.058448892605642905e+05 2.105258976793447645e-02 2.118006804612799013e-02
2.105551752270013385e+05 2.105339222005751104e-02 2.119832250165222184e-02
2.153732452339614101e+05 2.104973601466067143e-02 2.118972935629518523e-02
2.203015656708481838e+05 2.105512998050627915e-02 2.120083082875211591e-02
2.253426593647017144e+05 2.105815910408359234e-02 2.120075111471152879e-02
2.304991068716474401e+05 2.106145394061085391e-02 2.119359281733194586e-02
2.357735477978895360e+05 2.106308541582133792e-02 2.120840895174596480e-02
2.411686821509396832e+05 2.106539180155796859e-02 2.121322897879814387e-02
2.466872717217583850e+05 2.107076451008858820e-02 2.120753210051316492e-02
2.523321414985284209e+05 2.108224860824543107e-02 2.121263909660345975e-02
2.581061811127790133e+05 2.107575459307770710e-02 2.121099167869120936e-02
2.640123463185963337e+05 2.108591544242654006e-02 2.119958729396839367e-02
2.700536605056901462e+05 2.108939096348825398e-02 2.122842773993534327e-02
2.762332162470747135e+05 2.108568692988662188e-02 2.122368742691424157e-02
2.825541768821738078e+05 2.110223551048033552e-02 2.121703398326598572e-02
2.890197781361425295e+05 2.110057214947930887e-02 2.124481689332253717e-02
2.956333297762522707e+05 2.110491920745214897e-02 2.123281199782495188e-02
3.023982173061696230e+05 2.110725747847992315e-02 2.123255691363233610e-02
3.093179036990136956e+05 2.109757491157904924e-02 2.122466524920953168e-02
3.163959311700621038e+05 2.109755365395575566e-02 2.123925818555792017e-02
3.236359229900265927e+05 2.111747147135565120e-02 2.124364775787939211e-02
3.310415853398222825e+05 2.109989723960589356e-02 2.125710344419612374e-02
3.386167092077716370e+05 2.112724438003005939e-02 2.124616671340862073e-02
3.463651723302321625e+05 2.112333840555932069e-02 2.125829915123921693e-02
3.542909411766197882e+05 2.111570713894495716e-02 2.125955862944186453e-02
3.623980729798659449e+05 2.113245766223010094e-02 2.126052582278675426e-02
3.706907178133258130e+05 2.112515056576304284e-02 2.125979245602744455e-02
3.791731207152233110e+05 2.113380748156550026e-02 2.126465499740955167e-02
3.878496238616973860e+05 2.113315382887271526e-02 2.126623864396377447e-02
3.967246687895853538e+05 2.114087543686816312e-02 2.127214277809883272e-02
4.058027986700582551e+05 2.113894104889017106e-02 2.127836576739378788e-02
4.150886606342905434e+05 2.114528626651279025e-02 2.128243117009358948e-02
4.245870081523477565e+05 2.114803373442363313e-02 2.128304230930352578e-02
4.343027034665012616e+05 2.115523986092585768e-02 2.126958662225394633e-02
4.442407200802362058e+05 2.115831681262194883e-02 2.129817729908929994e-02
4.544061453042012872e+05 2.115321513006336585e-02 2.128908992854889118e-02
4.648041828604301554e+05 2.116422626054323408e-02 2.128567286445998477e-02
4.754401555461409152e+05 2.117052896362538184e-02 2.130314081099794754e-02
4.863195079585044878e+05 2.116687275843778457e-02 2.130298138329632385e-02
4.974478092817482539e+05 2.117855879852625564e-02 2.131050105050153951e-02
5.088307561380516854e+05 2.118277300056678816e-02 2.130164750612952712e-02
5.204741755036631948e+05 2.119368847434918018e-02 2.130784392449269413e-02
5.323840276917555602e+05 2.118837953667043750e-02 2.130801397997006408e-02
5.445664094035376329e+05 2.119395950056111866e-02 2.131036819467698601e-02
5.570275568491724553e+05 2.120364206841810276e-02 2.133029132528517155e-02
5.697738489401270635e+05 2.120524697266036249e-02 2.132926567498356213e-02
5.828118105545542203e+05 2.120847272365942310e-02 2.132329245567295140e-02
5.961481158774127252e+05 2.122768905927243169e-02 2.132155469494239480e-02
6.097895918170000659e+05 2.122062110380783587e-02 2.133930961201137982e-02
6.237432214996839175e+05 2.120858963677202738e-02 2.134827475518173007e-02
6.380161478445829125e+05 2.120386526722346093e-02 2.132289388661586654e-02
6.526156772200653795e+05 2.123558072341749300e-02 2.133712014047325217e-02
6.675492831839002902e+05 2.123366759252569985e-02 2.135368466463982359e-02
6.828246103090043180e+05 2.123577203717105441e-02 2.135166524801725488e-02
6.984494780967348488e+05 2.124234576682753825e-02 2.135607076357369863e-02
7.144318849797134753e+05 2.124201628305096012e-02 2.134534128798037250e-02
7.307800124162677675e+05 2.124497100788320589e-02 2.136233626691907972e-02
7.475022290785405785e+05 2.124854218434032646e-02 2.136601904312437211e-02
7.646070951364592183e+05 2.124971132028521253e-02 2.135657030311680776e-02
7.821033666397085181e+05 2.126384723109581154e-02 2.136473299461185554e-02
8.000000000000000000e+05 2.124274433557162695e-02 2.138805724759579655e-02
