0.000000000000000000e+00 1.615714603481904418e-02 1.616581275174997639e-02
1.000000000000000000e+02 1.616271866489815343e-02 1.616678708750569904e-02
2.000000000000000000e+02 1.616329513478185695e-02 1.617636385321069223e-02
3.000000000000000000e+02 1.616467261662895075e-02 1.618185226356248785e-02
4.000000000000000000e+02 1.615771049214098296e-02 1.618114933198619085e-02
5.000000000000000000e+02 1.615187292621029364e-02 1.617545512450140749e-02
6.000000000000000000e+02 1.614400392116118951e-02 1.617935708756045726e-02
7.000000000000000000e+02 1.614149963674529203e-02 1.617893770475637219e-02
8.000000000000000000e+02 1.613681382250441165e-02 1.617855000337436663e-02
9.000000000000000000e+02 1.613169199268790072e-02 1.617610564964699210e-02
1.000000000000000000e+03 1.612843553853988282e-02 1.617825272598548414e-02
1.100000000000000000e+03 1.612653650138393124e-02 1.617724288071217473e-02
1.200000000000000000e+03 1.612490121193392925e-02 1.617817365448514372e-02
1.300000000000000000e+03 1.612334710626107948e-02 1.617935378744052646e-02
1.400000000000000000e+03 1.612485144573416046e-02 1.617958585385900414e-02
1.500000000000000000e+03 1.612570050780947131e-02 1.618164791837339508e-02
1.600000000000000000e+03 1.612685727573818367e-02 1.618168567208919453e-02
1.700000000000000000e+03 1.612662362525354304e-02 1.618290963099769733e-02
1.800000000000000000e+03 1.612747044321679105e-02 1.618370470271380396e-02
1.900000000000000000e+03 1.612974846946913302e-02 1.618387195418120525e-02
2.000000000000000000e+03 1.612945528429771819e-02 1.618510251344447773e-02
2.100000000000000000e+03 1.613159153621381708e-02 1.618533589990369531e-02
2.200000000000000000e+03 1.613230700827203781e-02 1.618674836331065667e-02
2.300000000000000000e+03 1.613406163102962254e-02 1.618579765662305978e-02
2.400000000000000000e+03 1.613611735928455193e-02 1.618698782202745989e-02
2.500000000000000000e+03 1.613478911560113638e-02 1.618792704424209389e-02
2.600000000000000000e+03 1.613568675587477227e-02 1.618747650798240539e-02
2.700000000000000000e+03 1.613663561449543010e-02 1.618764191141178199e-02
2.800000000000000000e+03 1.613554484958078933e-02 1.618908222804357061e-02
2.900000000000000000e+03 1.613699757476106181e-02 1.618809865188251471e-02
3.000000000000000000e+03 1.613737761980762672e-02 1.618992482187752921e-02
3.100000000000000000e+03 1.613692285936192683e-02 1.618918743679371997e-02
3.200000000000000000e+03 1.613691889922464623e-02 1.618994515076636539e-02
3.300000000000000000e+03 1.613726211461428278e-02 1.619037984628486290e-02
3.400000000000000000e+03 1.613428036481021066e-02 1.618978832778301610e-02
3.500000000000000000e+03 1.613497233987871288e-02 1.618883471693367479e-02
3.600000000000000000e+03 1.613442345924206295e-02 1.618831395355468245e-02
3.700000000000000000e+03 1.613243927819912535e-02 1.619010791404748920e-02
3.800000000000000000e+03 1.613160724487649328e-02 1.618862113133629974e-02
3.900000000000000000e+03 1.613220509970105312e-02 1.618922255034952254e-02
4.000000000000000000e+03 1.613162466964764355e-02 1.619091262215378857e-02
4.100000000000000000e+03 1.613006488761736801e-02 1.618733130148486063e-02
4.200000000000000000e+03 1.612958570616858725e-02 1.618854285183041197e-02
4.300000000000000000e+03 1.612950280645191609e-02 1.618943336379685682e-02
4.400000000000000000e+03 1.612904989413165707e-02 1.618768916952370227e-02
4.500000000000000000e+03 1.612794130841031792e-02 1.619023411177128793e-02
4.600000000000000000e+03 1.612786698905966515e-02 1.618971889265350197e-02
4.700000000000000000e+03 1.613008785672047363e-02 1.619073956248400295e-02
4.800000000000000000e+03 1.612947561322788589e-02 1.619007649665618609e-02
4.900000000000000000e+03 1.612733236505142775e-02 1.619114178445763691e-02
5.000000000000000000e+03 1.612677371601324225e-02 1.618974252166736558e-02
5.100000000000000000e+03 1.612836253929945604e-02 1.619027978577989788e-02
5.200000000000000000e+03 1.612938809328209183e-02 1.619089202922782342e-02
5.300000000000000000e+03 1.612610352192559229e-02 1.619004032699738332e-02
5.400000000000000000e+03 1.612738635552131428e-02 1.619071104913529999e-02
5.500000000000000000e+03 1.612548243404024473e-02 1.619063963396963693e-02
5.600000000000000000e+03 1.612711719538777871e-02 1.619034380863700398e-02
5.700000000000000000e+03 1.612901926873353334e-02 1.619208127057654087e-02
5.800000000000000000e+03 1.612781497873281081e-02 1.619156103530805524e-02
5.900000000000000000e+03 1.612871354302884003e-02 1.619287357019853768e-02
6.000000000000000000e+03 1.612657333100416326e-02 1.619266645288511275e-02
6.100000000000000000e+03 1.612943218327435660e-02 1.619327051203401507e-02
6.200000000000000000e+03 1.612734794177652156e-02 1.619336344417277723e-02
6.300000000000000000e+03 1.612714240852889183e-02 1.619422399079413835e-02
6.400000000000000000e+03 1.612865150022932056e-02 1.619521627938738315e-02
6.500000000000000000e+03 1.612728035473884672e-02 1.619144170196667315e-02
6.600000000000000000e+03 1.612829099209382028e-02 1.619430702255782173e-02
6.700000000000000000e+03 1.612774356353758459e-02 1.619408710070977669e-02
6.800000000000000000e+03 1.612860978640104359e-02 1.619522248361262781e-02
6.900000000000000000e+03 1.612715745721707283e-02 1.619529653892719245e-02
7.000000000000000000e+03 1.612763611067924777e-02 1.619579670937847105e-02
7.100000000000000000e+03 1.612771399419409696e-02 1.619629912390390183e-02
7.200000000000000000e+03 1.612565773791692358e-02 1.619724785048562432e-02
7.300000000000000000e+03 1.612706993728150323e-02 1.619702911666917253e-02
7.400000000000000000e+03 1.612735771024821282e-02 1.619719465210873316e-02
7.500000000000000000e+03 1.612757644401636298e-02 1.619664445138709399e-02
7.600000000000000000e+03 1.612860477014042837e-02 1.619725999506284320e-02
7.700000000000000000e+03 1.612684288711518921e-02 1.619681539910988385e-02
7.800000000000000000e+03 1.612850048543440148e-02 1.619577400437900369e-02
7.900000000000000000e+03 1.612885597745952748e-02 1.619719082401422511e-02
8.000000000000000000e+03 1.612770303768567073e-02 1.619643997429225796e-02
8.100000000000000000e+03 1.612707693361312145e-02 1.619611378760764039e-02
8.200000000000000000e+03 1.612666362306336768e-02 1.619721656516873512e-02
8.300000000000000000e+03 1.612845203931305774e-02 1.619667468078040545e-02
8.400000000000000000e+03 1.612597983234077825e-02 1.619768016989843462e-02
8.500000000000000000e+03 1.612709950661553662e-02 1.619791395242258653e-02
8.600000000000000000e+03 1.612502886167874877e-02 1.619903441874813096e-02
8.700000000000000000e+03 1.612693317915882968e-02 1.619573598666598085e-02
8.800000000000000000e+03 1.612551543551924566e-02 1.619809387647692944e-02
8.900000000000000000e+03 1.612544388831152475e-02 1.619705617792446817e-02
9.000000000000000000e+03 1.612472115588232946e-02 1.619689420666322807e-02
9.100000000000000000e+03 1.612622127120080448e-02 1.619653515052716167e-02
9.200000000000000000e+03 1.612493658957466977e-02 1.619902689437232451e-02
9.300000000000000000e+03 1.612578485961871713e-02 1.619641858927636791e-02
9.400000000000000000e+03 1.612448380922985869e-02 1.619613728471449438e-02
9.500000000000000000e+03 1.612562024822204385e-02 1.619645000671910209e-02
9.600000000000000000e+03 1.612493289339714600e-02 1.619510948654949781e-02
9.700000000000000000e+03 1.612307768215589382e-02 1.619849953069060419e-02
9.800000000000000000e+03 1.612205331615055096e-02 1.619587472488504681e-02
9.900000000000000000e+03 1.612203509939792723e-02 1.619562615772891789e-02
1.000000000000000000e+04 1.612301775146679148e-02 1.619439045023720811e-02
