0.000000000000000000e+00 1.666689804296341004e-02 1.666482539140506230e-02
1.000000000000000000e+01 1.666408474570975004e-02 1.667010380704969305e-02
2.000000000000000000e+01 1.666742231773180385e-02 1.666990878149413741e-02
3.000000000000000000e+01 1.666804027710351924e-02 1.667021316078202281e-02
4.000000000000000000e+01 1.666734308776083792e-02 1.667087066912441295e-02
5.000000000000000000e+01 1.666833773927986831e-02 1.667172898490084168e-02
6.000000000000000000e+01 1.666820020228378801e-02 1.667322619621457516e-02
7.000000000000000000e+01 1.666918528337471561e-02 1.667360672970591429e-02
8.000000000000000000e+01 1.666953500668807986e-02 1.667357547071823473e-02
9.000000000000000000e+01 1.666888103610670441e-02 1.667401160510232141e-02
1.000000000000000000e+02 1.666770974745461487e-02 1.667384973944235904e-02
1.100000000000000000e+02 1.666614618997596872e-02 1.667410078832520098e-02
1.200000000000000000e+02 1.666724207681404696e-02 1.667464590680397402e-02
1.300000000000000000e+02 1.666686477747175363e-02 1.667464131301879884e-02
1.400000000000000000e+02 1.666573980971112687e-02 1.667467874989217100e-02
1.500000000000000000e+02 1.666547031959427286e-02 1.667438238337503459e-02
1.600000000000000000e+02 1.666465546015214599e-02 1.667464817733557009e-02
1.700000000000000000e+02 1.666463881421773388e-02 1.667487121454794621e-02
1.800000000000000000e+02 1.666437665043097802e-02 1.667461928122426079e-02
1.900000000000000000e+02 1.666307731603751049e-02 1.667435905792280515e-02
2.000000000000000000e+02 1.666136180650755819e-02 1.667394915310982731e-02
2.100000000000000000e+02 1.666063657910707083e-02 1.667336649211288366e-02
2.200000000000000000e+02 1.665966023682845243e-02 1.667347711307781352e-02
2.300000000000000000e+02 1.665893727994968362e-02 1.667380690350405911e-02
2.400000000000000000e+02 1.665822083095045217e-02 1.667324508626363833e-02
2.500000000000000000e+02 1.665676080569732445e-02 1.667268425905451754e-02
2.600000000000000000e+02 1.665585649906077548e-02 1.667206820055009558e-02
2.700000000000000000e+02 1.665505948683732723e-02 1.667278575840892840e-02
2.800000000000000000e+02 1.665387094502015011e-02 1.667254600921314750e-02
2.900000000000000000e+02 1.665323978505164199e-02 1.667205787768982761e-02
3.000000000000000000e+02 1.665317259403058248e-02 1.667258557141641090e-02
3.100000000000000000e+02 1.665204581778790063e-02 1.667185766429201549e-02
3.200000000000000000e+02 1.665088965702600510e-02 1.667185875993207680e-02
3.300000000000000000e+02 1.664971972805202177e-02 1.667142288953866319e-02
3.400000000000000000e+02 1.664944035066992165e-02 1.667125489879461853e-02
3.500000000000000000e+02 1.664857043158412750e-02 1.667143487569079305e-02
3.600000000000000000e+02 1.664733496164626236e-02 1.667102314918944908e-02
3.700000000000000000e+02 1.664672032883261418e-02 1.667108268385009834e-02
3.800000000000000000e+02 1.664626793129348262e-02 1.667122501265128759e-02
3.900000000000000000e+02 1.664488684561749379e-02 1.667106145730744629e-02
4.000000000000000000e+02 1.664429701670357836e-02 1.667071537734698614e-02
4.100000000000000000e+02 1.664430875202658339e-02 1.667073309253504915e-02
4.200000000000000000e+02 1.664282309126352208e-02 1.667052802132771433e-02
4.300000000000000000e+02 1.664251896280432783e-02 1.667092790690868909e-02
4.400000000000000000e+02 1.664151573090497799e-02 1.667080181482804083e-02
4.500000000000000000e+02 1.664107058049133295e-02 1.667064573101171773e-02
4.600000000000000000e+02 1.664008478659571161e-02 1.666999529818666628e-02
4.700000000000000000e+02 1.663932140948128774e-02 1.667029938704409076e-02
4.800000000000000000e+02 1.663838792953035300e-02 1.667003949377307212e-02
4.900000000000000000e+02 1.663780245682068559e-02 1.666998498852138161e-02
5.000000000000000000e+02 1.663704837290673477e-02 1.667023363489156598e-02
5.100000000000000000e+02 1.663668584503115444e-02 1.666969712317441579e-02
5.200000000000000000e+02 1.663591494357867517e-02 1.666948320755294935e-02
5.300000000000000000e+02 1.663504980308359513e-02 1.666981771058552095e-02
5.400000000000000000e+02 1.663422627087866174e-02 1.666984506223937595e-02
5.500000000000000000e+02 1.663443264896178123e-02 1.666962895531212338e-02
5.600000000000000000e+02 1.663259480955974964e-02 1.666983961038309703e-02
5.700000000000000000e+02 1.663299484033009534e-02 1.666903920560602187e-02
5.800000000000000000e+02 1.663157143356421702e-02 1.666932016704294681e-02
5.900000000000000000e+02 1.663073726167963243e-02 1.666918422732046809e-02
6.000000000000000000e+02 1.663056061134764868e-02 1.667017341377204781e-02
6.100000000000000000e+02 1.663019511331203029e-02 1.666952306014971713e-02
6.200000000000000000e+02 1.662934269820165109e-02 1.666977569310585175e-02
6.300000000000000000e+02 1.662836893003780125e-02 1.666954829968164339e-02
6.400000000000000000e+02 1.662852210971199618e-02 1.666935986120130636e-02
6.500000000000000000e+02 1.662746133643934476e-02 1.666945325540755002e-02
6.600000000000000000e+02 1.662751165709743309e-02 1.666912559029461519e-02
6.700000000000000000e+02 1.662703143271584971e-02 1.666899292432209856e-02
6.800000000000000000e+02 1.662657832236349997e-02 1.666985220374252522e-02
6.900000000000000000e+02 1.662611474393415820e-02 1.666916671013429774e-02
7.000000000000000000e+02 1.662525694298162479e-02 1.666893404967488557e-02
7.100000000000000000e+02 1.662450697766949120e-02 1.666911537302382187e-02
7.200000000000000000e+02 1.662369832250441826e-02 1.666872850323530483e-02
7.300000000000000000e+02 1.662355062109294179e-02 1.666904988488759204e-02
7.400000000000000000e+02 1.662335131853793710e-02 1.666908291276880325e-02
7.500000000000000000e+02 1.662296949137914356e-02 1.666891328513717477e-02
7.600000000000000000e+02 1.662231451752778713e-02 1.666947070660164398e-02
7.700000000000000000e+02 1.662172658950487533e-02 1.666894732947600544e-02
7.800000000000000000e+02 1.662093168936908116e-02 1.666856679596670499e-02
7.900000000000000000e+02 1.662050281531900209e-02 1.666869836629109383e-02
8.000000000000000000e+02 1.662102925496015612e-02 1.666930090736900086e-02
8.100000000000000000e+02 1.662024327843083377e-02 1.666925980072356608e-02
8.200000000000000000e+02 1.661940346990741987e-02 1.666907150744773025e-02
8.300000000000000000e+02 1.661880832117195242e-02 1.666931578442746795e-02
8.400000000000000000e+02 1.661906348863442101e-02 1.666928026164065171e-02
8.500000000000000000e+02 1.661807067199851801e-02 1.666947865336454795e-02
8.600000000000000000e+02 1.661829011866118241e-02 1.666875691091098191e-02
8.700000000000000000e+02 1.661784296178060727e-02 1.666905710560247222e-02
8.800000000000000000e+02 1.661683451566089639e-02 1.666894930954901030e-02
8.900000000000000000e+02 1.661637699630785087e-02 1.666905455789709570e-02
9.000000000000000000e+02 1.661633635167119108e-02 1.666903174727300818e-02
9.100000000000000000e+02 1.661611566414811225e-02 1.666938224942696861e-02
9.200000000000000000e+02 1.661536115784336895e-02 1.666930082815011593e-02
9.300000000000000000e+02 1.661500090043297947e-02 1.666920258935497903e-02
9.400000000000000000e+02 1.661489207476722282e-02 1.666895901201541005e-02
9.500000000000000000e+02 1.661473542331822276e-02 1.666916187871563676e-02
9.600000000000000000e+02 1.661456818500098298e-02 1.666951548301581418e-02
9.700000000000000000e+02 1.661397244222460531e-02 1.666905422787240756e-02
9.800000000000000000e+02 1.661368977792232471e-02 1.666902170162133309e-02
9.900000000000000000e+02 1.661345727586475973e-02 1.666918090077020367e-02
1.000000000000000000e+03 1.661386352413573089e-02 1.666926113398460238e-02
1.010000000000000000e+03 1.661325661366288772e-02 1.666966810827634482e-02
1.020000000000000000e+03 1.661279401207524722e-02 1.666973302878754781e-02
1.030000000000000000e+03 1.661332781766100553e-02 1.666968008121953379e-02
1.040000000000000000e+03 1.661268068498599620e-02 1.666999756868257909e-02
1.050000000000000000e+03 1.661303546410516224e-02 1.666976278292809505e-02
1.060000000000000000e+03 1.661216891117808445e-02 1.667031678542327255e-02
1.070000000000000000e+03 1.661233084286010617e-02 1.667062775181494746e-02
1.080000000000000000e+03 1.661193994688400788e-02 1.667034492909692800e-02
1.090000000000000000e+03 1.661180264751200425e-02 1.667020929298857271e-02
1.100000000000000000e+03 1.661177055687412113e-02 1.667076259587055992e-02
1.110000000000000000e+03 1.661179126861112368e-02 1.667055521454150618e-02
1.120000000000000000e+03 1.661218378823998282e-02 1.667061238631429784e-02
1.130000000000000000e+03 1.661164975823650053e-02 1.667068670566311875e-02
1.140000000000000000e+03 1.661103371293858044e-02 1.667097928359795311e-02
1.150000000000000000e+03 1.661192706310133174e-02 1.667120947555779040e-02
1.160000000000000000e+03 1.661116491366560963e-02 1.667176454729913868e-02
1.170000000000000000e+03 1.661163597681875395e-02 1.667163338620826496e-02
1.180000000000000000e+03 1.661135748390964520e-02 1.667162678591768699e-02
1.190000000000000000e+03 1.661153107170492901e-02 1.667169853114370409e-02
1.200000000000000000e+03 1.661125169436777904e-02 1.667257729464109023e-02
1.210000000000000000e+03 1.661175135001702677e-02 1.667193585141113488e-02
1.220000000000000000e+03 1.661118855591615234e-02 1.667208299842338343e-02
1.230000000000000000e+03 1.661112820279816993e-02 1.667271077903798374e-02
1.240000000000000000e+03 1.661106939417879291e-02 1.667212971531245938e-02
1.250000000000000000e+03 1.661109290441697972e-02 1.667244604115953807e-02
1.260000000000000000e+03 1.661088702796643252e-02 1.667256715659643992e-02
1.270000000000000000e+03 1.661104641191502029e-02 1.667345909428421397e-02
1.280000000000000000e+03 1.661111901520087933e-02 1.667266485417240665e-02
1.290000000000000000e+03 1.661086177523439858e-02 1.667329610654384384e-02
1.300000000000000000e+03 1.661110717427565636e-02 1.667277573917131175e-02
1.310000000000000000e+03 1.661087678430090211e-02 1.667339537501275407e-02
1.320000000000000000e+03 1.661078905316064336e-02 1.667340243733946362e-02
1.330000000000000000e+03 1.661157124112312353e-02 1.667381507467875432e-02
1.340000000000000000e+03 1.661132935345410039e-02 1.667370800466228681e-02
1.350000000000000000e+03 1.661115113222578696e-02 1.667390659440210615e-02
1.360000000000000000e+03 1.661106115697727134e-02 1.667395531778745332e-02
1.370000000000000000e+03 1.661054274330759847e-02 1.667355627704252691e-02
1.380000000000000000e+03 1.661148063225471178e-02 1.667380786714480270e-02
1.390000000000000000e+03 1.661089622878183375e-02 1.667402023828969126e-02
1.400000000000000000e+03 1.661092946786902474e-02 1.667430459228937123e-02
1.410000000000000000e+03 1.661148588608183166e-02 1.667437747275716392e-02
1.420000000000000000e+03 1.661096087209996616e-02 1.667442182675655041e-02
1.430000000000000000e+03 1.661071944643991230e-02 1.667417112106346286e-02
1.440000000000000000e+03 1.661130548677027668e-02 1.667430541071252686e-02
1.450000000000000000e+03 1.661074627004131832e-02 1.667463353787879826e-02
1.460000000000000000e+03 1.661153711758230067e-02 1.667472199505167646e-02
1.470000000000000000e+03 1.661143318931090213e-02 1.667456391793068274e-02
1.480000000000000000e+03 1.661145821763887129e-02 1.667451533976094594e-02
1.490000000000000000e+03 1.661090042656788307e-02 1.667468817511439175e-02
1.500000000000000000e+03 1.661127531020802073e-02 1.667435258964022546e-02
