1.000000000000000000e+01 6.688884763518127821e-04 6.787867548865091126e-04
1.000000000000000000e+01 6.765294165137901872e-04 6.676366519013965687e-04
1.100000000000000000e+01 6.814523399496284859e-04 6.719221697522459328e-04
1.100000000000000000e+01 6.701370711615744742e-04 6.706536823242495145e-04
1.200000000000000000e+01 6.759628429558975794e-04 6.757210647453467832e-04
1.200000000000000000e+01 6.702848410478003550e-04 6.818426207874114884e-04
1.300000000000000000e+01 6.723025993613517296e-04 6.749096463143178324e-04
1.300000000000000000e+01 6.684286661449141773e-04 6.866495535582623844e-04
1.400000000000000000e+01 6.761898578512927143e-04 6.631434418779668782e-04
1.500000000000000000e+01 6.695406720809965852e-04 6.689888619809585338e-04
1.500000000000000000e+01 6.616107867399558190e-04 6.759780407561376530e-04
1.600000000000000000e+01 6.726767599289097113e-04 6.709447444891565538e-04
1.700000000000000000e+01 6.593546968318582911e-04 6.714213804172586286e-04
1.700000000000000000e+01 6.833576901405399818e-04 6.669346293776568652e-04
1.800000000000000000e+01 6.689797435861836138e-04 6.582705892318858019e-04
1.900000000000000000e+01 6.679190295497745193e-04 6.593727981724326363e-04
2.000000000000000000e+01 6.669876853607985658e-04 6.732100887151973388e-04
2.000000000000000000e+01 6.615361011645881032e-04 6.693471736765466010e-04
2.100000000000000000e+01 6.817198184444001529e-04 6.801518288794952466e-04
2.200000000000000000e+01 6.642801982461735491e-04 6.644509276669786305e-04
2.300000000000000000e+01 6.755453148329239972e-04 6.785471748925127377e-04
2.400000000000000000e+01 6.683584584744922848e-04 6.800231374093731367e-04
2.500000000000000000e+01 6.765167970919328758e-04 6.750184994669677788e-04
2.600000000000000000e+01 6.747253749514747507e-04 6.847288703618890134e-04
2.700000000000000000e+01 6.766166672621831170e-04 6.772187110479258813e-04
2.900000000000000000e+01 6.677944630439297882e-04 6.772159158861799401e-04
3.000000000000000000e+01 6.666509218463622342e-04 6.709760895376693738e-04
3.100000000000000000e+01 6.755323426332305540e-04 6.672793989606130328e-04
3.200000000000000000e+01 6.722476979579096240e-04 6.830383767098435104e-04
3.400000000000000000e+01 6.721976542286905651e-04 6.664930564805260837e-04
3.500000000000000000e+01 6.759267485514415140e-04 6.771713269998475134e-04
3.700000000000000000e+01 6.619749059872604346e-04 6.614332188371572791e-04
3.800000000000000000e+01 6.730371611604184798e-04 6.854078522171263687e-04
4.000000000000000000e+01 6.740472615576396887e-04 6.751394022483665075e-04
4.200000000000000000e+01 6.680107582387974016e-04 6.749663391249473504e-04
4.300000000000000000e+01 6.598866956491577888e-04 6.715214678004865091e-04
4.500000000000000000e+01 6.660283614471159850e-04 6.700000751085437561e-04
4.700000000000000000e+01 6.735505156466971895e-04 6.734764003052826293e-04
4.900000000000000000e+01 6.771049731196911517e-04 6.738936297191453796e-04
5.100000000000000000e+01 6.660829914838577127e-04 6.668045266233822797e-04
5.300000000000000000e+01 6.584619165486047497e-04 6.643499176063506631e-04
5.600000000000000000e+01 6.738785135001840393e-04 6.679306991457185970e-04
5.800000000000000000e+01 6.770484704591679063e-04 6.742941419555877796e-04
6.100000000000000000e+01 6.679546896611853737e-04 6.632294442869057565e-04
6.300000000000000000e+01 6.737054230965641060e-04 6.769010801884135699e-04
6.600000000000000000e+01 6.720500200566328864e-04 6.682053964148285379e-04
6.900000000000000000e+01 6.647080391898923992e-04 6.699435453849289426e-04
7.200000000000000000e+01 6.738211695430250305e-04 6.690570617102380765e-04
7.500000000000000000e+01 6.782321496328163040e-04 6.876428551787741768e-04
7.800000000000000000e+01 6.678843191853435111e-04 6.651664378632805939e-04
8.100000000000000000e+01 6.893198335931864261e-04 6.692612797953128830e-04
8.500000000000000000e+01 6.660130009402475760e-04 6.722500047468573086e-04
8.800000000000000000e+01 6.762767558856998045e-04 6.668645572386845341e-04
9.200000000000000000e+01 6.740247908677384414e-04 6.707251655778458674e-04
9.600000000000000000e+01 6.672548926586452898e-04 6.825803848465985049e-04
1.000000000000000000e+02 6.644883516117054342e-04 6.773915298549481722e-04
1.050000000000000000e+02 6.645701205527902592e-04 6.795190912832816711e-04
1.090000000000000000e+02 6.764595073635549464e-04 6.727052554754221802e-04
1.140000000000000000e+02 6.684947217470606088e-04 6.719734077012744049e-04
1.190000000000000000e+02 6.580021880703309893e-04 6.556793098406117669e-04
1.240000000000000000e+02 6.706825849471631084e-04 6.580463968501607192e-04
1.290000000000000000e+02 6.748685584762643833e-04 6.652128450848570056e-04
1.340000000000000000e+02 6.770632880463168255e-04 6.744004711961039660e-04
1.400000000000000000e+02 6.642842418969218841e-04 6.746501465848596477e-04
1.460000000000000000e+02 6.638991175737736549e-04 6.693447040660933977e-04
1.520000000000000000e+02 6.741609454543644664e-04 6.812280119053193720e-04
1.590000000000000000e+02 6.572877088440198280e-04 6.878310889338551479e-04
1.660000000000000000e+02 6.743576736014768921e-04 6.817411222529384893e-04
1.730000000000000000e+02 6.632364187471405772e-04 6.691046083277022404e-04
1.800000000000000000e+02 6.702111054563793984e-04 6.728196990320282900e-04
1.880000000000000000e+02 6.681014283553629455e-04 6.663183105505339097e-04
1.960000000000000000e+02 6.915108994890384808e-04 6.740532862270914860e-04
2.040000000000000000e+02 6.830310492428264641e-04 6.759142376666184889e-04
2.130000000000000000e+02 6.754097030024260994e-04 6.699246025882571974e-04
2.220000000000000000e+02 6.830273855026870690e-04 6.691748432572920376e-04
2.320000000000000000e+02 6.704504411008416773e-04 6.719805721654738273e-04
2.420000000000000000e+02 6.638626161436058434e-04 6.752607391717573406e-04
2.520000000000000000e+02 6.666616146830016887e-04 6.737492521165739994e-04
2.630000000000000000e+02 6.691503641962618818e-04 6.797274890672524951e-04
2.740000000000000000e+02 6.607722568307575163e-04 6.779108822296974922e-04
2.860000000000000000e+02 6.782802663505598439e-04 6.605299900134613787e-04
2.980000000000000000e+02 6.636145416983160652e-04 6.645972049327051982e-04
3.110000000000000000e+02 6.772366225348653516e-04 6.727536709228838742e-04
3.240000000000000000e+02 6.790158592551502571e-04 6.699421614067280206e-04
3.380000000000000000e+02 6.729416873535190797e-04 6.557534253981677766e-04
3.520000000000000000e+02 6.758117892927280844e-04 6.820845890987579582e-04
3.680000000000000000e+02 6.651682562781694201e-04 6.719414382500175573e-04
3.830000000000000000e+02 6.722922324926145768e-04 6.799552094801012249e-04
4.000000000000000000e+02 6.700706627926654099e-04 6.869604540885831641e-04
4.170000000000000000e+02 6.718689509624801472e-04 6.712619137230094006e-04
4.350000000000000000e+02 6.638921700156089241e-04 6.735750492275287792e-04
4.530000000000000000e+02 6.743323803712390980e-04 6.665523544263023776e-04
4.730000000000000000e+02 6.621690558149285208e-04 6.739517062659760400e-04
4.930000000000000000e+02 6.721784672394563818e-04 6.553382585712311508e-04
5.140000000000000000e+02 6.767634330595042030e-04 6.671939663241042377e-04
5.360000000000000000e+02 6.792761461288951506e-04 6.669874412727047532e-04
5.590000000000000000e+02 6.654766599267974763e-04 6.754049267501850565e-04
5.830000000000000000e+02 6.621228930235645077e-04 6.659598091253812096e-04
6.080000000000000000e+02 6.685870743655712104e-04 6.880598134519462982e-04
6.340000000000000000e+02 6.646272745828969925e-04 6.698626451004631921e-04
6.610000000000000000e+02 6.644177098157400853e-04 6.815395906811999105e-04
6.890000000000000000e+02 6.683859770582953460e-04 6.629954004800603460e-04
7.190000000000000000e+02 6.726402042695855781e-04 6.688513505070775014e-04
7.490000000000000000e+02 6.667133680439901256e-04 6.675704880211636620e-04
7.810000000000000000e+02 6.771693730047978737e-04 6.575756499545130397e-04
8.150000000000000000e+02 6.697603868018547988e-04 6.769427110574537327e-04
8.500000000000000000e+02 6.660007613470846945e-04 6.823429760798709618e-04
8.860000000000000000e+02 6.656239414881089979e-04 6.773487051609587391e-04
9.240000000000000000e+02 6.553445546734336814e-04 6.746443118517518470e-04
9.640000000000000000e+02 6.615996598293252037e-04 6.828038173991357379e-04
1.005000000000000000e+03 6.602955121603397252e-04 6.805009404764939982e-04
1.048000000000000000e+03 6.612157295184281332e-04 6.645256944809202655e-04
1.093000000000000000e+03 6.586836393769403579e-04 6.859486167351457270e-04
1.140000000000000000e+03 6.772751593227249040e-04 6.624357473253771013e-04
1.188000000000000000e+03 6.729152544429433357e-04 6.685078566742679159e-04
1.239000000000000000e+03 6.696209754284707452e-04 6.720453522520550196e-04
1.292000000000000000e+03 6.848973467726115604e-04 6.635455279407654087e-04
1.348000000000000000e+03 6.728427127054534577e-04 6.641281675630650349e-04
1.405000000000000000e+03 6.820451564908418165e-04 6.655417381961251750e-04
1.465000000000000000e+03 6.766918412910140563e-04 6.799549651166246142e-04
1.528000000000000000e+03 6.617677295600916552e-04 6.774660798923249011e-04
1.593000000000000000e+03 6.602929340700468275e-04 6.751110694097562032e-04
1.662000000000000000e+03 6.606779501796388853e-04 6.724373157320814431e-04
1.733000000000000000e+03 6.693981670868698157e-04 6.618435548165842348e-04
1.807000000000000000e+03 6.708850121715745915e-04 6.762460891546013750e-04
1.884000000000000000e+03 6.656004119455120145e-04 6.735124404169590042e-04
1.965000000000000000e+03 6.729423387007192137e-04 6.813675316130194445e-04
2.049000000000000000e+03 6.671092664317231861e-04 6.633440234954090251e-04
2.137000000000000000e+03 6.656326526683630255e-04 6.676790967793327187e-04
2.228000000000000000e+03 6.719897181477468969e-04 6.786440871257784372e-04
2.324000000000000000e+03 6.687852408592742312e-04 6.804428367870710192e-04
2.423000000000000000e+03 6.747666799690027993e-04 6.779791359617489072e-04
2.527000000000000000e+03 6.758282895830876064e-04 6.691251252415881656e-04
2.635000000000000000e+03 6.665492333941010336e-04 6.638467941892762462e-04
2.748000000000000000e+03 6.575791778016170036e-04 6.748704309955997184e-04
2.865000000000000000e+03 6.636264283059848139e-04 6.652051918909426820e-04
2.988000000000000000e+03 6.626606995886512525e-04 6.864298662864493777e-04
3.116000000000000000e+03 6.641864614346306176e-04 6.712758901684041978e-04
3.249000000000000000e+03 6.685513329001713809e-04 6.692680374791560530e-04
3.388000000000000000e+03 6.741718280001364385e-04 6.664230930291081519e-04
3.533000000000000000e+03 6.560267115608889700e-04 6.736820568332103302e-04
3.684000000000000000e+03 6.850973045760053301e-04 6.701571537468781854e-04
3.842000000000000000e+03 6.716463054261961885e-04 6.626160022738054791e-04
4.007000000000000000e+03 6.682949539805736229e-04 6.640856142605029450e-04
4.178000000000000000e+03 6.667370060243826358e-04 6.772557282522799656e-04
4.357000000000000000e+03 6.710154677417447082e-04 6.664595402324040557e-04
4.543000000000000000e+03 6.615882074983848570e-04 6.767347748124276667e-04
4.738000000000000000e+03 6.521031959402964458e-04 6.753022885224819680e-04
4.941000000000000000e+03 6.578226931420723487e-04 6.783331867391686554e-04
5.152000000000000000e+03 6.711372386285592226e-04 6.760230365782166810e-04
5.373000000000000000e+03 6.756423355958643103e-04 6.679224219078393329e-04
5.602000000000000000e+03 6.682800821614244113e-04 6.656496686466921962e-04
5.842000000000000000e+03 6.590591569166809631e-04 6.688213623685085709e-04
6.092000000000000000e+03 6.619366675937594750e-04 6.773031122606897611e-04
6.353000000000000000e+03 6.730655211971288930e-04 6.759191497922513881e-04
6.625000000000000000e+03 6.690968739084434324e-04 6.714497403055202972e-04
6.909000000000000000e+03 6.655163637558290631e-04 6.731395282328812716e-04
7.204000000000000000e+03 6.619155266284539605e-04 6.775608751954993085e-04
7.513000000000000000e+03 6.621185238958055951e-04 6.748989266362340547e-04
7.834000000000000000e+03 6.564809582547487471e-04 6.725612850531839789e-04
8.169000000000000000e+03 6.783786983189889945e-04 6.741459377907250842e-04
8.519000000000000000e+03 6.614849448807617925e-04 6.523446213917248734e-04
8.884000000000000000e+03 6.541197874462952250e-04 6.650680877122856728e-04
9.264000000000000000e+03 6.592392759786891692e-04 6.494644240658152198e-04
9.660000000000000000e+03 6.627605699073044849e-04 6.626416752111611262e-04
1.007400000000000000e+04 6.686325316500698387e-04 6.736558952739967561e-04
1.050500000000000000e+04 6.699370592564066456e-04 6.751537855074754221e-04
1.095500000000000000e+04 6.539198571704242513e-04 6.834899638837755448e-04
1.142400000000000000e+04 6.520774142667029030e-04 6.800341557107182329e-04
1.191200000000000000e+04 6.617029495678602297e-04 6.618697166049878483e-04
1.242200000000000000e+04 6.555841890583123709e-04 6.730038620881202173e-04
1.295400000000000000e+04 6.588123309941692953e-04 6.716180813283060885e-04
1.350800000000000000e+04 6.574531730952652350e-04 6.622726440680011799e-04
1.408700000000000000e+04 6.671457950160824364e-04 6.700392909585660374e-04
1.469000000000000000e+04 6.701461354540666276e-04 6.605761258349871368e-04
1.531800000000000000e+04 6.511250919722865686e-04 6.804428636324936054e-04
1.597400000000000000e+04 6.576933231244584980e-04 6.696299584856284671e-04
1.665800000000000000e+04 6.616788775639179804e-04 6.759635214729605357e-04
1.737000000000000000e+04 6.595493079848109910e-04 6.646719990447927818e-04
1.811400000000000000e+04 6.540014087896582401e-04 6.705258051243977559e-04
1.888900000000000000e+04 6.615803913857270417e-04 6.748292888957487402e-04
1.969800000000000000e+04 6.581844239218298488e-04 6.740565702585264067e-04
2.054100000000000000e+04 6.687628514456244464e-04 6.560206054728358197e-04
2.142000000000000000e+04 6.697742817656377736e-04 6.780252987751232002e-04
2.233700000000000000e+04 6.670099661079905741e-04 6.712278546872308630e-04
2.329300000000000000e+04 6.552826513082156716e-04 6.648218584105426363e-04
2.429000000000000000e+04 6.677969602033891451e-04 6.743328414954986427e-04
2.532900000000000000e+04 6.431107512376285423e-04 6.591646990952137455e-04
2.641300000000000000e+04 6.593689988388416268e-04 6.811144095780545483e-04
2.754400000000000000e+04 6.635193119060325785e-04 6.704537520518589382e-04
2.872300000000000000e+04 6.525334793615846689e-04 6.681481340396864957e-04
2.995200000000000000e+04 6.652017995531839993e-04 6.576821420927397377e-04
3.123400000000000000e+04 6.693904598253068048e-04 6.648844675575969407e-04
3.257100000000000000e+04 6.554636660298433738e-04 6.610254604612532002e-04
3.396500000000000000e+04 6.628966429474049014e-04 6.587730885874107118e-04
3.541900000000000000e+04 6.558039033955496066e-04 6.661095331224589546e-04
3.693500000000000000e+04 6.573130292813197462e-04 6.790950227815872745e-04
3.851500000000000000e+04 6.476802208445365389e-04 6.772162142117955615e-04
4.016400000000000000e+04 6.678885256633232534e-04 6.696036066251920878e-04
4.188300000000000000e+04 6.656327612927992942e-04 6.651113736219477473e-04
4.367600000000000000e+04 6.515889730139113418e-04 6.713886783428624347e-04
4.554500000000000000e+04 6.473622644893975734e-04 6.714837450589021149e-04
4.749400000000000000e+04 6.641994066097646043e-04 6.786507902933270253e-04
4.952700000000000000e+04 6.514949649076229527e-04 6.709989404240051776e-04
5.164700000000000000e+04 6.598615653380439329e-04 6.681228134850412080e-04
5.385700000000000000e+04 6.570966256676068337e-04 6.575625690982097368e-04
5.616200000000000000e+04 6.596664927560132348e-04 6.627308257306131637e-04
5.856600000000000000e+04 6.411591567778806948e-04 6.688938768291180417e-04
6.107300000000000000e+04 6.552080202544697651e-04 6.807510502632954262e-04
6.368700000000000000e+04 6.482483684228292770e-04 6.785199820704536453e-04
6.641300000000000000e+04 6.497929374916239925e-04 6.709815172904519745e-04
6.925500000000000000e+04 6.422288265803489851e-04 6.646330007707287272e-04
7.221900000000000000e+04 6.388502279303959631e-04 6.620736905687601634e-04
7.531000000000000000e+04 6.398601384509487473e-04 6.623565297287890580e-04
7.853300000000000000e+04 6.690396385401179867e-04 6.606352880897319946e-04
8.189500000000000000e+04 6.529013437510817466e-04 6.614044515157157514e-04
8.540000000000000000e+04 6.547379244770598627e-04 6.684025044627342959e-04
8.905500000000000000e+04 6.541822065276849335e-04 6.796493296510679964e-04
9.286700000000000000e+04 6.586771804773136315e-04 6.740591754930679589e-04
9.684100000000000000e+04 6.469555647385163153e-04 6.766271698679534284e-04
1.009860000000000000e+05 6.527126485870080562e-04 6.635697627498274125e-04
1.053080000000000000e+05 6.571474565124780631e-04 6.702546901135517099e-04
1.098160000000000000e+05 6.544938393579479699e-04 6.804456047123327335e-04
1.145160000000000000e+05 6.430578850469338996e-04 6.731828414893627080e-04
1.194170000000000000e+05 6.584348322916886440e-04 6.668154363005580378e-04
1.245280000000000000e+05 6.448277591328620923e-04 6.625258206536932927e-04
1.298580000000000000e+05 6.617911503003134346e-04 6.729269511872265457e-04
1.354160000000000000e+05 6.467187258100184346e-04 6.656628038563849100e-04
1.412120000000000000e+05 6.491258151956395784e-04 6.631091657591240340e-04
1.472560000000000000e+05 6.391325783300341908e-04 6.679242129658912027e-04
1.535590000000000000e+05 6.529550510363014721e-04 6.638120294853000047e-04
1.601310000000000000e+05 6.483521195473420122e-04 6.608221918567394083e-04
1.669850000000000000e+05 6.502083214720311708e-04 6.695614875814271056e-04
1.741320000000000000e+05 6.512481659474802544e-04 6.742782115285891843e-04
1.815840000000000000e+05 6.568357417783389843e-04 6.642442938459180079e-04
1.893560000000000000e+05 6.518303985099678077e-04 6.726777913563607549e-04
1.974610000000000000e+05 6.473274184197869412e-04 6.778568492676848327e-04
2.059120000000000000e+05 6.326693739184423076e-04 6.727429782949834788e-04
2.147250000000000000e+05 6.460342075287796174e-04 6.677408643491768679e-04
2.239160000000000000e+05 6.513224443554883544e-04 6.791372234445374086e-04
2.334990000000000000e+05 6.433717706223388401e-04 6.762264678480591623e-04
2.434930000000000000e+05 6.424443074739678806e-04 6.620544492294516258e-04
2.539150000000000000e+05 6.503914260863029057e-04 6.717671266231865258e-04
2.647830000000000000e+05 6.398710482003103607e-04 6.677748961197386285e-04
2.761150000000000000e+05 6.444653496402311457e-04 6.635414029215082462e-04
2.879330000000000000e+05 6.425742201242662854e-04 6.706765602781016239e-04
3.002570000000000000e+05 6.493752736934800930e-04 6.821136002179025402e-04
3.131080000000000000e+05 6.483906293901277882e-04 6.667958965740410039e-04
3.265090000000000000e+05 6.392875128660176600e-04 6.708198252745730880e-04
3.404840000000000000e+05 6.317106741362563203e-04 6.785272280465349474e-04
3.550570000000000000e+05 6.518978921451147514e-04 6.661360747445956108e-04
3.702530000000000000e+05 6.416452642632797026e-04 6.570500286858008653e-04
3.861000000000000000e+05 6.463338183224834723e-04 6.753017184472487463e-04
4.026260000000000000e+05 6.452523704105125055e-04 6.668623048046930409e-04
4.198580000000000000e+05 6.498079994754405288e-04 6.606213661377579325e-04
4.378280000000000000e+05 6.360018640627527423e-04 6.640506325748470095e-04
4.565670000000000000e+05 6.281729342905287066e-04 6.783974781891480722e-04
4.761090000000000000e+05 6.467778607495710836e-04 6.824859153625217108e-04
4.964860000000000000e+05 6.459666053212474333e-04 6.722186869050208536e-04
5.177360000000000000e+05 6.502922341637989339e-04 6.773049577715746072e-04
5.398950000000000000e+05 6.572321290050360358e-04 6.828725594683662239e-04
5.630030000000000000e+05 6.432508408288014918e-04 6.643347198542626101e-04
5.871000000000000000e+05 6.456258524682966220e-04 6.705487643855971135e-04
6.122280000000000000e+05 6.405142882900070065e-04 6.677496028720507088e-04
6.384320000000000000e+05 6.436584634798828055e-04 6.642748791523711994e-04
6.657570000000000000e+05 6.519366190648584990e-04 6.567516934274696475e-04
6.942520000000000000e+05 6.460917959062256960e-04 6.700316646593718886e-04
7.239660000000000000e+05 6.440878238797535923e-04 6.739142823250194409e-04
7.549520000000000000e+05 6.359154003111057961e-04 6.678905066798458429e-04
7.872640000000000000e+05 6.350352939514929693e-04 6.734966183706771366e-04
8.209590000000000000e+05 6.313589571964884619e-04 6.687409505572123941e-04
8.560970000000000000e+05 6.461628177300672918e-04 6.833640132876212187e-04
8.927380000000000000e+05 6.363851161490750039e-04 6.531553614291161179e-04
9.309470000000000000e+05 6.453762039217601429e-04 6.808811528135008282e-04
9.707920000000000000e+05 6.431234248954575787e-04 6.633713794004376637e-04
1.012343000000000000e+06 6.422296949443907907e-04 6.724402195135275326e-04
1.055671000000000000e+06 6.479456638113150835e-04 6.726880767396871495e-04
1.100855000000000000e+06 6.392711482834253188e-04 6.698328198622518527e-04
1.147972000000000000e+06 6.449279277894642880e-04 6.781827027699980585e-04
1.197105000000000000e+06 6.445061389718708886e-04 6.650797027326944702e-04
1.248342000000000000e+06 6.495349031407544622e-04 6.654039011821930635e-04
1.301771000000000000e+06 6.373055775453724319e-04 6.620977896692131033e-04
1.357488000000000000e+06 6.530170086564201842e-04 6.716227222404970920e-04
1.415589000000000000e+06 6.297964767888629065e-04 6.689452775359910420e-04
1.476176000000000000e+06 6.479323658801497887e-04 6.780664952920834520e-04
1.539357000000000000e+06 6.443768775452088067e-04 6.683485257689719032e-04
1.605243000000000000e+06 6.424904160786825856e-04 6.656737950427882040e-04
1.673948000000000000e+06 6.420145941564039775e-04 6.831734729000209271e-04
1.745593000000000000e+06 6.405808866137981897e-04 6.650600817588543309e-04
1.820305000000000000e+06 6.336541268781567321e-04 6.617150805965582930e-04
1.898215000000000000e+06 6.378524211378007978e-04 6.623394322327710209e-04
1.979460000000000000e+06 6.385203034205002648e-04 6.692849719031768868e-04
2.064181000000000000e+06 6.519578957241697415e-04 6.670193292264856239e-04
2.152529000000000000e+06 6.434022474472389725e-04 6.733913748058497316e-04
2.244658000000000000e+06 6.419290260136325046e-04 6.690559759952090192e-04
2.340730000000000000e+06 6.451451999576491431e-04 6.555528436722095689e-04
2.440915000000000000e+06 6.414557009098814351e-04 6.548105474033890294e-04
2.545387000000000000e+06 6.352019253006591787e-04 6.650399720038472837e-04
2.654330000000000000e+06 6.390340921490437337e-04 6.804497027604149281e-04
2.767937000000000000e+06 6.412018458725301032e-04 6.615818569463333999e-04
2.886405000000000000e+06 6.358524930041376325e-04 6.626058523699097100e-04
3.009945000000000000e+06 6.421708583606355663e-04 6.749672617457008012e-04
3.138772000000000000e+06 6.402497136513485895e-04 6.706148197236790585e-04
3.273112000000000000e+06 6.418653044678161203e-04 6.577366634813216605e-04
3.413203000000000000e+06 6.524754841321869390e-04 6.663822223142022889e-04
3.559289000000000000e+06 6.392709041408222662e-04 6.668271875277473901e-04
3.711628000000000000e+06 6.422251628603108066e-04 6.729005997385689589e-04
3.870488000000000000e+06 6.418691853102620254e-04 6.669306127870575735e-04
4.036146000000000000e+06 6.384408413193043636e-04 6.694970062293068014e-04
4.208895000000000000e+06 6.265669236646845101e-04 6.742829335201331632e-04
4.389037000000000000e+06 6.330897516938091768e-04 6.706837247617644269e-04
4.576890000000000000e+06 6.412769656313294315e-04 6.661146622898982562e-04
4.772782000000000000e+06 6.535820894470241059e-04 6.536160941521119809e-04
4.977059000000000000e+06 6.576086776271906431e-04 6.599266708240378353e-04
5.190080000000000000e+06 6.481168545590980856e-04 6.754366517794918850e-04
5.412217000000000000e+06 6.513599229529850980e-04 6.674119438635612266e-04
5.643862000000000000e+06 6.452161131113655400e-04 6.754460689414802481e-04
5.885422000000000000e+06 6.394428274791498111e-04 6.665577277334527309e-04
6.137320000000000000e+06 6.453403810114121970e-04 6.858607960219589026e-04
6.400000000000000000e+06 6.384938159846599006e-04 6.635214288827458650e-04
