1.000000000000000000e+01 7.684190552246884321e-04 7.749265241463890522e-04
1.000000000000000000e+01 7.800553814960838397e-04 7.818278820249111374e-04
1.100000000000000000e+01 7.837105507795183099e-04 7.832034752434097321e-04
1.100000000000000000e+01 7.839920078499897126e-04 7.837067778753518130e-04
1.100000000000000000e+01 7.846047240632990621e-04 7.844968196141509408e-04
1.200000000000000000e+01 7.852415867662764079e-04 7.859282514731412211e-04
1.200000000000000000e+01 7.828518425355285304e-04 7.856633950811414430e-04
1.300000000000000000e+01 7.843428860032027094e-04 7.851133087474237212e-04
1.300000000000000000e+01 7.870721896639185653e-04 7.860527566151895296e-04
1.400000000000000000e+01 7.868435529396787054e-04 7.851759385915258339e-04
1.400000000000000000e+01 7.864323086762237906e-04 7.862557377495252341e-04
1.500000000000000000e+01 7.857758270158565718e-04 7.864360815762846306e-04
1.500000000000000000e+01 7.847375295885501830e-04 7.862572468791373089e-04
1.600000000000000000e+01 7.861493424415571911e-04 7.860240827053872111e-04
1.600000000000000000e+01 7.848137417667871898e-04 7.839784254314597625e-04
1.700000000000000000e+01 7.881738715799468638e-04 7.876335946943036070e-04
1.700000000000000000e+01 7.854241942883553223e-04 7.841798974134257718e-04
1.800000000000000000e+01 7.856830140895327283e-04 7.846228338701302912e-04
1.900000000000000000e+01 7.858973138365597409e-04 7.859448521867773169e-04
1.900000000000000000e+01 7.850272869732648033e-04 7.853094986577786830e-04
2.000000000000000000e+01 7.851736748756084263e-04 7.847926136505753176e-04
2.100000000000000000e+01 7.852129128249214210e-04 7.856068018288850808e-04
2.100000000000000000e+01 7.836003825795141492e-04 7.849352286258789221e-04
2.200000000000000000e+01 7.869454207895567851e-04 7.860271010292087766e-04
2.300000000000000000e+01 7.863779791307999806e-04 7.842259266203951539e-04
2.400000000000000000e+01 7.852521508098742010e-04 7.837731806213627883e-04
2.500000000000000000e+01 7.833709912280952935e-04 7.848620347073679421e-04
2.600000000000000000e+01 7.851050083832740271e-04 7.855456811245819897e-04
2.600000000000000000e+01 7.837256422949806381e-04 7.861425512477772251e-04
2.700000000000000000e+01 7.856981056213121909e-04 7.871506656348953171e-04
2.800000000000000000e+01 7.867824322325265478e-04 7.851766931751643546e-04
2.900000000000000000e+01 7.879112788878163496e-04 7.859290060449179195e-04
3.000000000000000000e+01 7.862134814526135782e-04 7.859757898101450832e-04
3.100000000000000000e+01 7.863651514168781918e-04 7.858663762063884976e-04
3.300000000000000000e+01 7.864360815729893065e-04 7.851472646979449146e-04
3.400000000000000000e+01 7.850657704023578402e-04 7.852853521786511918e-04
3.500000000000000000e+01 7.864360816004776263e-04 7.858143103888704439e-04
3.600000000000000000e+01 7.864602279970385685e-04 7.852144219897665969e-04
3.700000000000000000e+01 7.858037463168196079e-04 7.854423041351697591e-04
3.900000000000000000e+01 7.873174270900768976e-04 7.863115764038093808e-04
4.000000000000000000e+01 7.851125541489894187e-04 7.849842761034236168e-04
4.100000000000000000e+01 7.842312086184135937e-04 7.841889523500831334e-04
4.300000000000000000e+01 7.832925152996675138e-04 7.872253687252290730e-04
4.400000000000000000e+01 7.848846719859254705e-04 7.843836331240105087e-04
4.600000000000000000e+01 7.845579402982397329e-04 7.859637166035215138e-04
4.800000000000000000e+01 7.845051199612710713e-04 7.851087812639994225e-04
4.900000000000000000e+01 7.857373435942733696e-04 7.873008264043703918e-04
5.100000000000000000e+01 7.845519036939779161e-04 7.829778568381906990e-04
5.300000000000000000e+01 7.848801445592855017e-04 7.865387039911959964e-04
5.500000000000000000e+01 7.849759757766398664e-04 7.857841273471580842e-04
5.700000000000000000e+01 7.862700747061648031e-04 7.838576932322520929e-04
5.900000000000000000e+01 7.841134946579639145e-04 7.859772989564096360e-04
6.100000000000000000e+01 7.866284986076560763e-04 7.826028322696010819e-04
6.300000000000000000e+01 7.834607858528972249e-04 7.842968567491557510e-04
6.500000000000000000e+01 7.849095730157959212e-04 7.846167973064063599e-04
6.700000000000000000e+01 7.850536971765377124e-04 7.862368732946571279e-04
7.000000000000000000e+01 7.862836570818229056e-04 7.851872572290703083e-04
7.200000000000000000e+01 7.849042909967421161e-04 7.862164997694611216e-04
7.500000000000000000e+01 7.873559104697464700e-04 7.875566278792671534e-04
7.700000000000000000e+01 7.839286233892128969e-04 7.860233281626031630e-04
8.000000000000000000e+01 7.863704333828238713e-04 7.874366501490054609e-04
8.300000000000000000e+01 7.851744294649608009e-04 7.863244042344352336e-04
8.600000000000000000e+01 7.851193453114393029e-04 7.868918458409085567e-04
8.900000000000000000e+01 7.848718441802832136e-04 7.875445546485062079e-04
9.200000000000000000e+01 7.859750352222005451e-04 7.841640512920478208e-04
9.500000000000000000e+01 7.863017669517871188e-04 7.842440364741962979e-04
9.900000000000000000e+01 7.841527326373446544e-04 7.850748252937816366e-04
1.020000000000000000e+02 7.846100060846480147e-04 7.854294763505239446e-04
1.060000000000000000e+02 7.831997023706988676e-04 7.849699391458924000e-04
1.100000000000000000e+02 7.849805032287316981e-04 7.849005180779856190e-04
1.130000000000000000e+02 7.864934293692700442e-04 7.844077795701880117e-04
1.170000000000000000e+02 7.843111937274045535e-04 7.851842389266258486e-04
1.220000000000000000e+02 7.838237372650117430e-04 7.833808007688593950e-04
1.260000000000000000e+02 7.840010627494398577e-04 7.841180221348335606e-04
1.300000000000000000e+02 7.853947658077170676e-04 7.859471158958978611e-04
1.350000000000000000e+02 7.852906342395437082e-04 7.853766559635316042e-04
1.400000000000000000e+02 7.866971651023111018e-04 7.841534872462522414e-04
1.450000000000000000e+02 7.839738979923535286e-04 7.881135054222219863e-04
1.500000000000000000e+02 7.846688630824273343e-04 7.835905730568956890e-04
1.550000000000000000e+02 7.833174163064474940e-04 7.850514334443070737e-04
1.600000000000000000e+02 7.845941599633404285e-04 7.835445438823119679e-04
1.660000000000000000e+02 7.846477349366590267e-04 7.853162898608073272e-04
1.720000000000000000e+02 7.831174535100709176e-04 7.838003453615583318e-04
1.780000000000000000e+02 7.817599701632221452e-04 7.844726731670970772e-04
1.840000000000000000e+02 7.852219677827011008e-04 7.849412652384616653e-04
1.910000000000000000e+02 7.860912400426553958e-04 7.838177006229577826e-04
1.980000000000000000e+02 7.828910805573168624e-04 7.843647686804307902e-04
2.050000000000000000e+02 7.844960650282697479e-04 7.862391370654622704e-04
2.120000000000000000e+02 7.838629752401529271e-04 7.864753195629302840e-04
2.190000000000000000e+02 7.851246273601208839e-04 7.838999494760268919e-04
2.270000000000000000e+02 7.844455083990942417e-04 7.867220661188787170e-04
2.350000000000000000e+02 7.845383213222485285e-04 7.817335599544720636e-04
2.430000000000000000e+02 7.845715226945930865e-04 7.835430347428673720e-04
2.520000000000000000e+02 7.833936285534842843e-04 7.875604007540373515e-04
2.610000000000000000e+02 7.830736880860321783e-04 7.846100061098643889e-04
2.700000000000000000e+02 7.826367882081924736e-04 7.844507904221324898e-04
2.790000000000000000e+02 7.840410552809309527e-04 7.846296250846724035e-04
2.890000000000000000e+02 7.824436165852716261e-04 7.844168344896299775e-04
3.000000000000000000e+02 7.829838934517152887e-04 7.845345484220186613e-04
3.100000000000000000e+02 7.825364295253449962e-04 7.844658819619062086e-04
3.210000000000000000e+02 7.836796130963667685e-04 7.821863059381972292e-04
3.320000000000000000e+02 7.829054174702964773e-04 7.839957807116088636e-04
3.440000000000000000e+02 7.824919094741463431e-04 7.863168584645915254e-04
3.560000000000000000e+02 7.824149426416018675e-04 7.846296250861040924e-04
3.690000000000000000e+02 7.829620107485886537e-04 7.850982171739288211e-04
3.820000000000000000e+02 7.814211652283995641e-04 7.840931210856788396e-04
3.950000000000000000e+02 7.809163534825943123e-04 7.832004569475809657e-04
4.090000000000000000e+02 7.805647207502670621e-04 7.838184551874907095e-04
4.240000000000000000e+02 7.817622338883290336e-04 7.827175278863800559e-04
4.390000000000000000e+02 7.808129764408683511e-04 7.846235884547373297e-04
4.540000000000000000e+02 7.837346971822892368e-04 7.818490101803531305e-04
4.700000000000000000e+02 7.820844380914930430e-04 7.836418842756833446e-04
4.870000000000000000e+02 7.806997899850183064e-04 7.827296011054026698e-04
5.040000000000000000e+02 7.835588808708982044e-04 7.838033636496518578e-04
5.220000000000000000e+02 7.813721177630847782e-04 7.838592023658941471e-04
5.400000000000000000e+02 7.814588940618634547e-04 7.852627148842142215e-04
5.590000000000000000e+02 7.798176898879395592e-04 7.833113796846317934e-04
5.790000000000000000e+02 7.792668489182408547e-04 7.822391263128293396e-04
6.000000000000000000e+02 7.821131119987314402e-04 7.824315433746350992e-04
6.210000000000000000e+02 7.821448042245626210e-04 7.824466348814004997e-04
6.430000000000000000e+02 7.796592287849256125e-04 7.834389031573128423e-04
6.650000000000000000e+02 7.803919226899761440e-04 7.826820627675428301e-04
6.890000000000000000e+02 7.779093655532395022e-04 7.829529558164939401e-04
7.130000000000000000e+02 7.792766584330668286e-04 7.824119243338593455e-04
7.380000000000000000e+02 7.796863935335309869e-04 7.830140765094335082e-04
7.640000000000000000e+02 7.806107498978839647e-04 7.806884712997459513e-04
7.910000000000000000e+02 7.783666390055987141e-04 7.810665142394526347e-04
8.190000000000000000e+02 7.759120011849112396e-04 7.820285994326815933e-04
8.480000000000000000e+02 7.770695217545061598e-04 7.816543294130152107e-04
8.780000000000000000e+02 7.766703507498610428e-04 7.838871216644042843e-04
9.090000000000000000e+02 7.750336740207159269e-04 7.829755931174689747e-04
9.410000000000000000e+02 7.780014239359411008e-04 7.805202007372085814e-04
9.740000000000000000e+02 7.775999891540339836e-04 7.823824958744993174e-04
1.009000000000000000e+03 7.757422214662000343e-04 7.813185428015242441e-04
1.044000000000000000e+03 7.752736293760797244e-04 7.808605148012419742e-04
1.081000000000000000e+03 7.759369022316498160e-04 7.811781915555079947e-04
1.120000000000000000e+03 7.775298134945028824e-04 7.826088688862323445e-04
1.159000000000000000e+03 7.761655389634909089e-04 7.819833248432937409e-04
1.200000000000000000e+03 7.728884126350518908e-04 7.812823231373131365e-04
1.242000000000000000e+03 7.745733822562755411e-04 7.820142624624491648e-04
1.286000000000000000e+03 7.757226024463975212e-04 7.821968699944084136e-04
1.332000000000000000e+03 7.730604561087799781e-04 7.787733558540241643e-04
1.379000000000000000e+03 7.746488399309610058e-04 7.810408586226526761e-04
1.427000000000000000e+03 7.738361608870299039e-04 7.780225520630981023e-04
1.478000000000000000e+03 7.723443628650300194e-04 7.798810743342145203e-04
1.530000000000000000e+03 7.724394395440217125e-04 7.814920954275318210e-04
1.584000000000000000e+03 7.730529103392528570e-04 7.808876795291288956e-04
1.640000000000000000e+03 7.720319681322580178e-04 7.797890159644406231e-04
1.698000000000000000e+03 7.723971832565955245e-04 7.787899564787871239e-04
1.757000000000000000e+03 7.711951426932721473e-04 7.784458695361850308e-04
1.820000000000000000e+03 7.710042347834941256e-04 7.810740599739847455e-04
1.884000000000000000e+03 7.705877084778451703e-04 7.816203734850585413e-04
1.950000000000000000e+03 7.719285911490959958e-04 7.829159815556614244e-04
2.019000000000000000e+03 7.700979882137346617e-04 7.778097614556425373e-04
2.090000000000000000e+03 7.700994973933426597e-04 7.788978609706298257e-04
2.164000000000000000e+03 7.695124367518633816e-04 7.787839198696600582e-04
2.241000000000000000e+03 7.700934607823646440e-04 7.797844885258754062e-04
2.320000000000000000e+03 7.685073406695134115e-04 7.796290457293495596e-04
2.402000000000000000e+03 7.682130558044169806e-04 7.778505085804585236e-04
2.486000000000000000e+03 7.682273927456735639e-04 7.774362460043314363e-04
2.574000000000000000e+03 7.663892440809945894e-04 7.779244570746896622e-04
2.665000000000000000e+03 7.669506490664601593e-04 7.782926904974039189e-04
2.759000000000000000e+03 7.678033206753779151e-04 7.801768683871735223e-04
2.856000000000000000e+03 7.679466902307667845e-04 7.776814834299822536e-04
2.957000000000000000e+03 7.672811536581118164e-04 7.760138690692233634e-04
3.062000000000000000e+03 7.635958013365501179e-04 7.776241355777306630e-04
3.170000000000000000e+03 7.666518367317901126e-04 7.782104416312062055e-04
3.282000000000000000e+03 7.666873018369493691e-04 7.789408718329510943e-04
3.397000000000000000e+03 7.663982989715034276e-04 7.767571270253184222e-04
3.517000000000000000e+03 7.661266514024967248e-04 7.782451521764090609e-04
3.642000000000000000e+03 7.650619437573341489e-04 7.776882745890234061e-04
3.770000000000000000e+03 7.635701457404413988e-04 7.760810263767337763e-04
3.903000000000000000e+03 7.637361526014696490e-04 7.792925045315971704e-04
4.041000000000000000e+03 7.640855215939413919e-04 7.786186676122504400e-04
4.184000000000000000e+03 7.640055364670760582e-04 7.765767832087200600e-04
4.331000000000000000e+03 7.614852504819110421e-04 7.751672340765905760e-04
4.484000000000000000e+03 7.624563906794334716e-04 7.763632380341055220e-04
4.642000000000000000e+03 7.609261092278707655e-04 7.767767460334784472e-04
4.806000000000000000e+03 7.615810817230018450e-04 7.759187923941308950e-04
4.976000000000000000e+03 7.607638752353998012e-04 7.768876687893516752e-04
5.152000000000000000e+03 7.620240181924054076e-04 7.749868902690109328e-04
5.334000000000000000e+03 7.615131698603782705e-04 7.751332781167584712e-04
5.522000000000000000e+03 7.581756774029048580e-04 7.753294680317512162e-04
5.717000000000000000e+03 7.597723615419678346e-04 7.781953501187578509e-04
5.919000000000000000e+03 7.600930566202769231e-04 7.741855298468936159e-04
6.127000000000000000e+03 7.590125028647937405e-04 7.741213908356195210e-04
6.344000000000000000e+03 7.599994891292536194e-04 7.749785899249959573e-04
6.568000000000000000e+03 7.567804651934907992e-04 7.735464034598506624e-04
6.800000000000000000e+03 7.566816156368685658e-04 7.756886465361099861e-04
7.040000000000000000e+03 7.567699011246680667e-04 7.753407866789608109e-04
7.288000000000000000e+03 7.563209280344773862e-04 7.741500647483242487e-04
7.545000000000000000e+03 7.560070241727885002e-04 7.741040355787054145e-04
7.812000000000000000e+03 7.563835579011215799e-04 7.723949194979857049e-04
8.087000000000000000e+03 7.538119607228212400e-04 7.749355790189481645e-04
8.373000000000000000e+03 7.559104383429393571e-04 7.729193502610942753e-04
8.669000000000000000e+03 7.555097581183387425e-04 7.756026247747198257e-04
8.975000000000000000e+03 7.524310854568302172e-04 7.699176444335572526e-04
9.291000000000000000e+03 7.539674034988776748e-04 7.729261414486714122e-04
9.619000000000000000e+03 7.544299589683209134e-04 7.713913325644868686e-04
9.959000000000000000e+03 7.528000734688613952e-04 7.730287638650276943e-04
1.031000000000000000e+04 7.523533640730655165e-04 7.732928657151312774e-04
1.067400000000000000e+04 7.506925408756279922e-04 7.727420247738632812e-04
1.105100000000000000e+04 7.484952137352102576e-04 7.723496449241250370e-04
1.144100000000000000e+04 7.503801461865090058e-04 7.694105689062410124e-04
1.184500000000000000e+04 7.464578568637199102e-04 7.694996089439620811e-04
1.226300000000000000e+04 7.484582395066511880e-04 7.702549401875624082e-04
1.269600000000000000e+04 7.471392395638066890e-04 7.696414693589006487e-04
1.314400000000000000e+04 7.480341674383929719e-04 7.706344921972855004e-04
1.360800000000000000e+04 7.456640422319276394e-04 7.695071547417358130e-04
1.408900000000000000e+04 7.463446703505523250e-04 7.710298903744541854e-04
1.458600000000000000e+04 7.471415032725985030e-04 7.706744847912633950e-04
1.510100000000000000e+04 7.459477630159474680e-04 7.676109036240855556e-04
1.563400000000000000e+04 7.427875960828314930e-04 7.690219619582505184e-04
1.618600000000000000e+04 7.426623363849864335e-04 7.705741260904022238e-04
1.675700000000000000e+04 7.415153798887347183e-04 7.693826495862256167e-04
1.734900000000000000e+04 7.428019330455180912e-04 7.704654670307029734e-04
1.796100000000000000e+04 7.415780097539133959e-04 7.679753641376617064e-04
1.859500000000000000e+04 7.399677432314181536e-04 7.679731004080743526e-04
1.925200000000000000e+04 7.396425206788778250e-04 7.664465918928566133e-04
1.993200000000000000e+04 7.379884887404561692e-04 7.688401089862008332e-04
2.063500000000000000e+04 7.381590230481035238e-04 7.674622520418926787e-04
2.136400000000000000e+04 7.362831455104749913e-04 7.689027388502270039e-04
2.211800000000000000e+04 7.368453050971149679e-04 7.669514036700084266e-04
2.289800000000000000e+04 7.361986329366845914e-04 7.678938698657511138e-04
2.370700000000000000e+04 7.354267010455985956e-04 7.673784940116169708e-04
2.454400000000000000e+04 7.359352856728152174e-04 7.680583675909913484e-04
2.541000000000000000e+04 7.351467531163209321e-04 7.667974700369387846e-04
2.630700000000000000e+04 7.315059208560873707e-04 7.638478299506892355e-04
2.723600000000000000e+04 7.337764419340448091e-04 7.661100507106186151e-04
2.819700000000000000e+04 7.318967915610647421e-04 7.650989180202153730e-04
2.919200000000000000e+04 7.325955295037776859e-04 7.665854339678334229e-04
3.022300000000000000e+04 7.323004900484727945e-04 7.637995370726739959e-04
3.129000000000000000e+04 7.304261217186783792e-04 7.662277646461750124e-04
3.239400000000000000e+04 7.291410776879668357e-04 7.649374386587432656e-04
3.353800000000000000e+04 7.278069862093679721e-04 7.633732012424552333e-04
3.472200000000000000e+04 7.276968180265741114e-04 7.643692424174488393e-04
3.594800000000000000e+04 7.293832968133358513e-04 7.660134648985542907e-04
3.721700000000000000e+04 7.262993421288045821e-04 7.637814271995156147e-04
3.853000000000000000e+04 7.261454084867430010e-04 7.629129095062490984e-04
3.989000000000000000e+04 7.231248382329902996e-04 7.632071943950383824e-04
4.129900000000000000e+04 7.257817025360396466e-04 7.632675604998344614e-04
4.275600000000000000e+04 7.239510996312090120e-04 7.636622041294402604e-04
4.426600000000000000e+04 7.239767552595429301e-04 7.614686498088529473e-04
4.582800000000000000e+04 7.204762742695883281e-04 7.630955170501729518e-04
4.744600000000000000e+04 7.215938022475009350e-04 7.622156806521429443e-04
4.912100000000000000e+04 7.184298624289281064e-04 7.594569484815663326e-04
5.085500000000000000e+04 7.210067416074406607e-04 7.611479547806984007e-04
5.265000000000000000e+04 7.201782164903289480e-04 7.598817751508466249e-04
5.450900000000000000e+04 7.182819653922860531e-04 7.609479919520849159e-04
5.643300000000000000e+04 7.170904889036848777e-04 7.589083713032872486e-04
5.842500000000000000e+04 7.157971445633187855e-04 7.613064158302129333e-04
6.048700000000000000e+04 7.177364064850466456e-04 7.613448992483115097e-04
6.262300000000000000e+04 7.148109128917774389e-04 7.593241430238288061e-04
6.483300000000000000e+04 7.140699186701124314e-04 7.596991676090636371e-04
6.712200000000000000e+04 7.149701285718834936e-04 7.585378741668462148e-04
6.949100000000000000e+04 7.121034919562943414e-04 7.581764319742116632e-04
7.194400000000000000e+04 7.112568569982463023e-04 7.598115995243893278e-04
7.448400000000000000e+04 7.115413323811830117e-04 7.607729301568879818e-04
7.711300000000000000e+04 7.121849862395353888e-04 7.575320235157640943e-04
7.983600000000000000e+04 7.124671979096947570e-04 7.580413627592964398e-04
8.265400000000000000e+04 7.100216150424405043e-04 7.554961757495900435e-04
8.557100000000000000e+04 7.100374611560337753e-04 7.572716945771087267e-04
8.859200000000000000e+04 7.092361007656332750e-04 7.588812065319869207e-04
9.172000000000000000e+04 7.073307947515850101e-04 7.573252694890012003e-04
9.495700000000000000e+04 7.069784075049688216e-04 7.556999114282900208e-04
9.830900000000000000e+04 7.063106071623124300e-04 7.575720160603248128e-04
1.017800000000000000e+05 7.060812158777665139e-04 7.543545013313693705e-04
1.053730000000000000e+05 7.056624258259701007e-04 7.558349806636613204e-04
1.090920000000000000e+05 7.056526163566981822e-04 7.544925888431949605e-04
1.129430000000000000e+05 7.049780248306078238e-04 7.564288324682663742e-04
1.169300000000000000e+05 7.013243648066174460e-04 7.536580270663946306e-04
1.210580000000000000e+05 7.016759975135234079e-04 7.562764080058429319e-04
1.253310000000000000e+05 7.020879963405492370e-04 7.535923789089429359e-04
1.297560000000000000e+05 7.012964454949040033e-04 7.558583725614665804e-04
1.343360000000000000e+05 6.997691823669310602e-04 7.560160790544361541e-04
1.390780000000000000e+05 6.983437871245189166e-04 7.546699143450518420e-04
1.439880000000000000e+05 6.985867608055863461e-04 7.521405734695682651e-04
1.490700000000000000e+05 6.974050938179464755e-04 7.534195808222017132e-04
1.543330000000000000e+05 7.003607704386805412e-04 7.527351798497564344e-04
1.597810000000000000e+05 6.983256772572371280e-04 7.558945922075768244e-04
1.654210000000000000e+05 6.955329891898308576e-04 7.542028314200831035e-04
1.712600000000000000e+05 6.950032763782420424e-04 7.528408205543070733e-04
1.773060000000000000e+05 6.958559479575630305e-04 7.531517061810250871e-04
1.835650000000000000e+05 6.963879245243978196e-04 7.553565790751605403e-04
1.900450000000000000e+05 6.955367620535746111e-04 7.533871340613105573e-04
1.967540000000000000e+05 6.955065790002003560e-04 7.548427123798520828e-04
2.036990000000000000e+05 6.926308874560195474e-04 7.515052199421728410e-04
2.108900000000000000e+05 6.955005424066583713e-04 7.529653257489559923e-04
2.183340000000000000e+05 6.927154000745182165e-04 7.530709664620744304e-04
2.260410000000000000e+05 6.948131230864192749e-04 7.529713623549060203e-04
2.340210000000000000e+05 6.932737867418350920e-04 7.515421942035293516e-04
2.422820000000000000e+05 6.909768555095866134e-04 7.500428504403646411e-04
2.508350000000000000e+05 6.928308502605389158e-04 7.520243686677805569e-04
2.596890000000000000e+05 6.925659938954191117e-04 7.517406478440243935e-04
2.688560000000000000e+05 6.906410689128720214e-04 7.518651530000612952e-04
2.783470000000000000e+05 6.908229218901212150e-04 7.519194825184549692e-04
2.881730000000000000e+05 6.866418128009543504e-04 7.500141765173898084e-04
2.983450000000000000e+05 6.880075965030845852e-04 7.497561112978109966e-04
3.088770000000000000e+05 6.896555918182785839e-04 7.512365906502658543e-04
3.197810000000000000e+05 6.875639054309813604e-04 7.503612817390612876e-04
3.310690000000000000e+05 6.882709437224092961e-04 7.533169584448480864e-04
3.427560000000000000e+05 6.885788109708313072e-04 7.499145723856957694e-04
3.548550000000000000e+05 6.874839202844437204e-04 7.492113069612583390e-04
3.673820000000000000e+05 6.850345645620856128e-04 7.496006685170657127e-04
3.803510000000000000e+05 6.859642029589072291e-04 7.494278704814911346e-04
3.937770000000000000e+05 6.845840823263558191e-04 7.519723029091907344e-04
4.076780000000000000e+05 6.854661823992712778e-04 7.527246157968899053e-04
4.220690000000000000e+05 6.863113082282171424e-04 7.495501118931760173e-04
4.369680000000000000e+05 6.852632012906814717e-04 7.514848463804671939e-04
4.523930000000000000e+05 6.842679147160738405e-04 7.467227132473372875e-04
4.683630000000000000e+05 6.878068791015337635e-04 7.498587337257859144e-04
4.848960000000000000e+05 6.854880651021044193e-04 7.506012371580575611e-04
5.020130000000000000e+05 6.833986424709507807e-04 7.507136690343882944e-04
5.197350000000000000e+05 6.822230120367157305e-04 7.472810999494878441e-04
5.380810000000000000e+05 6.807380052357461494e-04 7.474131508676953384e-04
5.570760000000000000e+05 6.828206367856281319e-04 7.513452497059858659e-04
5.767410000000000000e+05 6.837834765303499925e-04 7.503009156558785621e-04
5.971000000000000000e+05 6.805335149841986071e-04 7.490852926850139490e-04
6.181780000000000000e+05 6.823173341703259523e-04 7.479949294478690190e-04
6.400000000000000000e+05 6.827972448638744722e-04 7.466283911889955247e-04
