3.985407726466655731e+02 1.496675617581082456e-03 1.496994227878941167e-03
3.985417725741863251e+02 1.497145574194273798e-03 1.496709082250129164e-03
3.985427725017070770e+02 1.496642071647156808e-03 1.496264930199646230e-03
3.985437724292278290e+02 1.496894680951676472e-03 1.497350267313372549e-03
3.985447723567485809e+02 1.496934909682066115e-03 1.496871187538215305e-03
3.985457722842693329e+02 1.496827803593503209e-03 1.496974832292292685e-03
3.985467722117900848e+02 1.496139344629106131e-03 1.496550862509905865e-03
3.985477721393108368e+02 1.496427677968823269e-03 1.497038029873015100e-03
3.985487720668315887e+02 1.495670394557429856e-03 1.495968015030621143e-03
3.985497719943523407e+02 1.495882428629587146e-03 1.496595455176266123e-03
3.985507719218730927e+02 1.495089091180372724e-03 1.496462534895101571e-03
3.985517718493938446e+02 1.494561464598131387e-03 1.496724080352790668e-03
3.985527717769145966e+02 1.493333828556883593e-03 1.497330317680737244e-03
3.985537717044353485e+02 1.491759974696211166e-03 1.496426961886500274e-03
3.985547716319561005e+02 1.490937942514290911e-03 1.496701571346486419e-03
3.985557715594768524e+02 1.490692180995286742e-03 1.496719661465747931e-03
3.985567714869976044e+02 1.491700126634958046e-03 1.496391631635432453e-03
3.985577714145183563e+02 1.492944923409462782e-03 1.496209734385706624e-03
3.985587713420391083e+02 1.494792969503531055e-03 1.496941237667346854e-03
3.985597712695598602e+02 1.495434615965666406e-03 1.496719680564054852e-03
3.985607711970806122e+02 1.496787492367596421e-03 1.497074425762820763e-03
3.985617711246013641e+02 1.496807738734408670e-03 1.497388806901045217e-03
3.985627710521221161e+02 1.496116804662795622e-03 1.496438205743442574e-03
3.985637709796428680e+02 1.496441720071163550e-03 1.496379052876031833e-03
3.985647709071636200e+02 1.497115905927891332e-03 1.496855262771838203e-03
3.985657708346843719e+02 1.496733931076595905e-03 1.497108710155965750e-03
3.985667707622051239e+02 1.496623970370606661e-03 1.496420247719658196e-03
3.985677706897258759e+02 1.496601083889365904e-03 1.497013067108019825e-03
3.985687706172466278e+02 1.496633623279886287e-03 1.497085496781980999e-03
3.985697705447673798e+02 1.496763401339882464e-03 1.497192864908264637e-03
3.985707704722881317e+02 1.496369215967377660e-03 1.496268091351862523e-03
3.985717703998088837e+02 1.496648259414094968e-03 1.496292030672388435e-03
3.985727703273296356e+02 1.496156208349766481e-03 1.496626926010337670e-03
3.985737702548503876e+02 1.497175671480676295e-03 1.496829065774479264e-03
3.985747701823711395e+02 1.496838116537086739e-03 1.496879231911107293e-03
3.985757701098918915e+02 1.496685798519182837e-03 1.497282429479460412e-03
3.985767700374126434e+02 1.497198128946494690e-03 1.497101337959651831e-03
3.985777699649333954e+02 1.497171793819905257e-03 1.496844486929475035e-03
3.985787698924541473e+02 1.496976540962674735e-03 1.496754205252643971e-03
3.985797698199748993e+02 1.496805461641405148e-03 1.497467022845662583e-03
3.985807697474956512e+02 1.497070314475107715e-03 1.496961326517270898e-03
