3.928167731165885925e+02 1.488200310430075595e-03 1.488527536658763341e-03
3.928177730441093445e+02 1.488978417730183520e-03 1.488555777698179206e-03
3.928187729716300964e+02 1.488427211636278663e-03 1.488418571360686227e-03
3.928197728991508484e+02 1.488460031538794623e-03 1.488668306551527501e-03
3.928207728266716003e+02 1.489377569812664996e-03 1.488908905425408418e-03
3.928217727541923523e+02 1.489454892121739411e-03 1.489185990712740869e-03
3.928227726817131042e+02 1.488970414879125029e-03 1.489074302773398537e-03
3.928237726092338562e+02 1.488562863940065453e-03 1.488619924322589008e-03
3.928247725367546082e+02 1.488762687488495414e-03 1.488664164507752475e-03
3.928257724642753601e+02 1.489032243025962795e-03 1.488684827925851675e-03
3.928267723917961121e+02 1.489176508702598749e-03 1.489337754467477074e-03
3.928277723193168640e+02 1.488934063822580601e-03 1.488835158661774242e-03
3.928287722468376160e+02 1.488974589554219142e-03 1.489327283321656425e-03
3.928297721743583679e+02 1.488359129715563023e-03 1.488792187948639791e-03
3.928307721018791199e+02 1.488825918191735362e-03 1.489338730145477923e-03
3.928317720293998718e+02 1.488344246074704185e-03 1.489275748072177961e-03
3.928327719569206238e+02 1.488148003175890008e-03 1.488920973477197420e-03
3.928337718844413757e+02 1.487557558410460912e-03 1.489766142881626676e-03
3.928347718119621277e+02 1.486137590136443840e-03 1.489497580936779801e-03
3.928357717394828796e+02 1.483495249544897155e-03 1.489284294613925710e-03
3.928367716670036316e+02 1.478569739247662758e-03 1.489695464311627856e-03
3.928377715945243835e+02 1.475078767340800602e-03 1.489455432603456735e-03
3.928387715220451355e+02 1.472106874654344547e-03 1.489751901989262457e-03
3.928397714495658875e+02 1.471453892213358053e-03 1.490118875604921379e-03
3.928407713770866394e+02 1.472465319493236830e-03 1.490147679994691674e-03
3.928417713046073914e+02 1.474305808255685661e-03 1.489848530504690521e-03
3.928427712321281433e+02 1.478834493071674687e-03 1.489727012122676929e-03
3.928437711596488953e+02 1.483549949378961319e-03 1.490402144949516195e-03
3.928447710871696472e+02 1.486831510826122594e-03 1.490093339704955198e-03
3.928457710146903992e+02 1.488155527488650969e-03 1.490434997248241134e-03
3.928467709422111511e+02 1.488963682579281991e-03 1.490276043077300638e-03
3.928477708697319031e+02 1.489694498846977138e-03 1.490429762919081571e-03
3.928487707972526550e+02 1.489590049386103118e-03 1.489961264242505197e-03
3.928497707247734070e+02 1.490581180797657381e-03 1.490776206908158439e-03
3.928507706522941589e+02 1.490506696607447239e-03 1.490599590839733696e-03
3.928517705798149109e+02 1.490768199799008455e-03 1.490807501586158051e-03
3.928527705073356628e+02 1.490550621484038919e-03 1.491156263081252521e-03
3.928537704348564148e+02 1.489962602322622825e-03 1.489951496388301983e-03
3.928547703623771667e+02 1.490144704110121874e-03 1.490512353902230264e-03
3.928557702898979187e+02 1.490178844071602315e-03 1.489745730020668483e-03
3.928567702174186707e+02 1.490524368862032947e-03 1.490092359435126997e-03
