3.928167731165885925e+02 1.876679289059264566e-02 1.876427926902150475e-02
3.928168728947639465e+02 1.876313013730035797e-02 1.875605463098815179e-02
3.928169726729393005e+02 1.874809960721548346e-02 1.874875737884039439e-02
3.928170724511146545e+02 1.875746543106023359e-02 1.876111649758674393e-02
3.928171722292900085e+02 1.877790490607623639e-02 1.877633033331042173e-02
3.928172720074653625e+02 1.876991648201007529e-02 1.877211294951742354e-02
3.928173717856407166e+02 1.876629333050009590e-02 1.876592523629860149e-02
3.928174715638160706e+02 1.877459279361374384e-02 1.877613575215902886e-02
3.928175713419914246e+02 1.877954136755274894e-02 1.877962233517328772e-02
3.928176711201667786e+02 1.879106012644746887e-02 1.878778960164997208e-02
3.928177708983421326e+02 1.879010844585806556e-02 1.879478073944228222e-02
3.928178706765174866e+02 1.879447866869823902e-02 1.879204023673490542e-02
3.928179704546928406e+02 1.878815681998603770e-02 1.878771896167549457e-02
3.928180702328681946e+02 1.877959705758572295e-02 1.878129102554131763e-02
3.928181700110435486e+02 1.876741620628167434e-02 1.876859139229048248e-02
3.928182697892189026e+02 1.874795357549195740e-02 1.874857159806089454e-02
3.928183695673942566e+02 1.873806344039960492e-02 1.873815178400189269e-02
3.928184693455696106e+02 1.875485295022281951e-02 1.875527350611813984e-02
3.928185691237449646e+02 1.875657604069710591e-02 1.875547407949575487e-02
3.928186689019203186e+02 1.876301133197876697e-02 1.875966867898012924e-02
3.928187686800956726e+02 1.875653437632888998e-02 1.875797807322231170e-02
3.928188684582710266e+02 1.875841216134859629e-02 1.875638050186586442e-02
3.928189682364463806e+02 1.875827891777395035e-02 1.875898637949872591e-02
3.928190680146217346e+02 1.875754133441587604e-02 1.875454449765990433e-02
3.928191677927970886e+02 1.875226274550741840e-02 1.875417534008433015e-02
3.928192675709724426e+02 1.875041094922475990e-02 1.875201144360202216e-02
3.928193673491477966e+02 1.874151498409513256e-02 1.873914634671106777e-02
3.928194671273231506e+02 1.874085536675653557e-02 1.873982847449049555e-02
3.928195669054985046e+02 1.873858403897107547e-02 1.873892966478777483e-02
3.928196666836738586e+02 1.874379868744698724e-02 1.874473829644098671e-02
3.928197664618492126e+02 1.874646232053932965e-02 1.874770591346178877e-02
3.928198662400245667e+02 1.875057348148789077e-02 1.875257654034116761e-02
3.928199660181999207e+02 1.875880116643790368e-02 1.876164087914754253e-02
3.928200657963752747e+02 1.876943754784832913e-02 1.876791136714543035e-02
3.928201655745506287e+02 1.876965989539011032e-02 1.876772506147782182e-02
3.928202653527259827e+02 1.876828703321292008e-02 1.876878489997091046e-02
3.928203651309013367e+02 1.877042387992888112e-02 1.877261533407990207e-02
3.928204649090766907e+02 1.876733576524733729e-02 1.876699580933129802e-02
3.928205646872520447e+02 1.875533064679970122e-02 1.875452972482713476e-02
3.928206644654273987e+02 1.874656875029478281e-02 1.874544542522253721e-02
3.928207642436027527e+02 1.872828056022510582e-02 1.872906052529603113e-02
3.928208640217781067e+02 1.872526546122907018e-02 1.872839203560011656e-02
3.928209637999534607e+02 1.872446600011620430e-02 1.872662863136374811e-02
3.928210635781288147e+02 1.873174819211872316e-02 1.873501322049514473e-02
3.928211633563041687e+02 1.874423513224865098e-02 1.874397871539385668e-02
3.928212631344795227e+02 1.874465425120365458e-02 1.874731484259328437e-02
3.928213629126548767e+02 1.875883375535194325e-02 1.876227431135468401e-02
3.928214626908302307e+02 1.875014157443031029e-02 1.874912516976691423e-02
3.928215624690055847e+02 1.875109614269922578e-02 1.875226910850021078e-02
3.928216622471809387e+02 1.873963926173098649e-02 1.874024308961028812e-02
3.928217620253562927e+02 1.875320988834730182e-02 1.875742967156777963e-02
3.928218618035316467e+02 1.875712551557470395e-02 1.875315954948284652e-02
3.928219615817070007e+02 1.875095753644662883e-02 1.875167657626869433e-02
3.928220613598823547e+02 1.874237797310688430e-02 1.874066990646200415e-02
3.928221611380577087e+02 1.874580517823585396e-02 1.874511139286012817e-02
3.928222609162330627e+02 1.872837420195288399e-02 1.872898198630619515e-02
3.928223606944084167e+02 1.874168370425386212e-02 1.874252615524330673e-02
3.928224604725837708e+02 1.874304212822296145e-02 1.874710906535195093e-02
3.928225602507591248e+02 1.874493600140559810e-02 1.874710801707551999e-02
3.928226600289344788e+02 1.875849136490376906e-02 1.876034084083114464e-02
3.928227598071098328e+02 1.875295041408121463e-02 1.875272196666929320e-02
3.928228595852851868e+02 1.876113643459520822e-02 1.875905334568934990e-02
3.928229593634605408e+02 1.875838823521327331e-02 1.876182250657941822e-02
3.928230591416358948e+02 1.876653176632755646e-02 1.876829426234183709e-02
3.928231589198112488e+02 1.876765051687532757e-02 1.876739981950250810e-02
3.928232586979866028e+02 1.876078703126413116e-02 1.875933756141996353e-02
3.928233584761619568e+02 1.874463197523593139e-02 1.874694099489266838e-02
3.928234582543373108e+02 1.874744328987448458e-02 1.874902667150692148e-02
3.928235580325126648e+02 1.875248798074270751e-02 1.875199472307331056e-02
3.928236578106880188e+02 1.875212001407814896e-02 1.875324163723543491e-02
3.928237575888633728e+02 1.875871453754020951e-02 1.875634038318847382e-02
3.928238573670387268e+02 1.875881065441754175e-02 1.875952155176580094e-02
3.928239571452140808e+02 1.876608830879105544e-02 1.876812989712506666e-02
3.928240569233894348e+02 1.876703545167566697e-02 1.877407619648702175e-02
3.928241567015647888e+02 1.877866559047700751e-02 1.878126578806963917e-02
3.928242564797401428e+02 1.877602629599070538e-02 1.877800973076808322e-02
3.928243562579154968e+02 1.877581467396161052e-02 1.877869561540149168e-02
3.928244560360908508e+02 1.877492115850977125e-02 1.877685579681318342e-02
3.928245558142662048e+02 1.877931283228592360e-02 1.878621595360699392e-02
3.928246555924415588e+02 1.877774484887444889e-02 1.878388546360085232e-02
3.928247553706169128e+02 1.877295014431546588e-02 1.877050057749871798e-02
3.928248551487922668e+02 1.875930072658905934e-02 1.876348830328544368e-02
3.928249549269676208e+02 1.876309383573716502e-02 1.876715858646992030e-02
3.928250547051429749e+02 1.876563825084940143e-02 1.876937201533565927e-02
3.928251544833183289e+02 1.876308393527238369e-02 1.876906617954825218e-02
3.928252542614936829e+02 1.877064664006156125e-02 1.877366912576529726e-02
3.928253540396690369e+02 1.878127683365818021e-02 1.878245124933486387e-02
3.928254538178443909e+02 1.877733645531701537e-02 1.878252241277603846e-02
3.928255535960197449e+02 1.878319050779087007e-02 1.878720086073348838e-02
3.928256533741950989e+02 1.877827411033254970e-02 1.878348508930236666e-02
3.928257531523704529e+02 1.877167711175064396e-02 1.877961745804941976e-02
3.928258529305458069e+02 1.876384791985949083e-02 1.876802207200911621e-02
3.928259527087211609e+02 1.876025075705187173e-02 1.876245181943230617e-02
3.928260524868965149e+02 1.875786763668061546e-02 1.875898212423249278e-02
3.928261522650718689e+02 1.875435339009932229e-02 1.875448100346803482e-02
3.928262520432472229e+02 1.875049881577003572e-02 1.875293097582003687e-02
3.928263518214225769e+02 1.874444592923900366e-02 1.875158252326946523e-02
3.928264515995979309e+02 1.874954878515573686e-02 1.875357794726410787e-02
3.928265513777732849e+02 1.874896135856493617e-02 1.875590042303705574e-02
3.928266511559486389e+02 1.875116420827473845e-02 1.875595277453934173e-02
3.928267509341239929e+02 1.874254834340201639e-02 1.875088427094716986e-02
3.928268507122993469e+02 1.874378466182718278e-02 1.874899983326272848e-02
3.928269504904747009e+02 1.874749196710697938e-02 1.875277366775678078e-02
3.928270502686500549e+02 1.874625069841218475e-02 1.875052521258813512e-02
3.928271500468254089e+02 1.874895764603339010e-02 1.875784210807545163e-02
3.928272498250007629e+02 1.875168934469243626e-02 1.875939232563737097e-02
3.928273496031761169e+02 1.875671959728006377e-02 1.876793789963967368e-02
3.928274493813514709e+02 1.876249485858616506e-02 1.876914389988788498e-02
3.928275491595268250e+02 1.877152860492559833e-02 1.877916739220461539e-02
3.928276489377021790e+02 1.876886414680838458e-02 1.877798327860229904e-02
3.928277487158775330e+02 1.876424806287345370e-02 1.877157125379196739e-02
3.928278484940528870e+02 1.874798905220179460e-02 1.875351255968672748e-02
3.928279482722282410e+02 1.875449859665859198e-02 1.876516461189914331e-02
3.928280480504035950e+02 1.875718409321303418e-02 1.876567878016950630e-02
3.928281478285789490e+02 1.875820425190466434e-02 1.876490937339353460e-02
3.928282476067543030e+02 1.876041617697925962e-02 1.876974673452213790e-02
3.928283473849296570e+02 1.875678683778551209e-02 1.876540869376325943e-02
3.928284471631050110e+02 1.875475600841938068e-02 1.875959742054754062e-02
3.928285469412803650e+02 1.875612639537383927e-02 1.876706913241482644e-02
3.928286467194557190e+02 1.876780397392429148e-02 1.877529219770983707e-02
3.928287464976310730e+02 1.876745910822523108e-02 1.877752398082983137e-02
3.928288462758064270e+02 1.876245525673615050e-02 1.877356766159589060e-02
3.928289460539817810e+02 1.875904496487217077e-02 1.877095025624075236e-02
3.928290458321571350e+02 1.875757846102008367e-02 1.877034475805887392e-02
3.928291456103324890e+02 1.876610398443536581e-02 1.877985215202063185e-02
3.928292453885078430e+02 1.876656270519044128e-02 1.878080533464811935e-02
3.928293451666831970e+02 1.877070563015189458e-02 1.878222156118936753e-02
3.928294449448585510e+02 1.876285498732316315e-02 1.877752363494868820e-02
3.928295447230339050e+02 1.875890140842290804e-02 1.877099815186100001e-02
3.928296445012092590e+02 1.875991207920158985e-02 1.877282048729048830e-02
3.928297442793846130e+02 1.875856520569739797e-02 1.877234121239393372e-02
3.928298440575599670e+02 1.875859449456986766e-02 1.877026058256443461e-02
3.928299438357353210e+02 1.874966717803844968e-02 1.876427556072859937e-02
3.928300436139106750e+02 1.875080449206929789e-02 1.876596042940063130e-02
3.928301433920860291e+02 1.874551352756431699e-02 1.876016765257278868e-02
3.928302431702613831e+02 1.874324508741249951e-02 1.876277684637472215e-02
3.928303429484367371e+02 1.873401745739226854e-02 1.875038444326421541e-02
3.928304427266120911e+02 1.873341353015682900e-02 1.874841673608806936e-02
3.928305425047874451e+02 1.874083432837371499e-02 1.876373355272492952e-02
3.928306422829627991e+02 1.876308641039765857e-02 1.878434936125671778e-02
3.928307420611381531e+02 1.876653176631329356e-02 1.878857632049692195e-02
3.928308418393135071e+02 1.876980922715661484e-02 1.878828860791257119e-02
3.928309416174888611e+02 1.875181103763424659e-02 1.877583151413812421e-02
3.928310413956642151e+02 1.874850800071099430e-02 1.877022286323879602e-02
3.928311411738395691e+02 1.874908057658086075e-02 1.877172845400985196e-02
3.928312409520149231e+02 1.875101528907933968e-02 1.877206617270929523e-02
3.928313407301902771e+02 1.874583652975775339e-02 1.877203417447002864e-02
3.928314405083656311e+02 1.875210557591653823e-02 1.878213458825558901e-02
3.928315402865409851e+02 1.874993242749032826e-02 1.877827335022162064e-02
3.928316400647163391e+02 1.874431351076299990e-02 1.876983974920077083e-02
3.928317398428916931e+02 1.874575402593713774e-02 1.877685448467527815e-02
3.928318396210670471e+02 1.874356561440667160e-02 1.877804603011994089e-02
3.928319393992424011e+02 1.873194125088649409e-02 1.876298134148802338e-02
3.928320391774177551e+02 1.873187442287038706e-02 1.876377065930410343e-02
3.928321389555931091e+02 1.872671175176093480e-02 1.876024256250328343e-02
3.928322387337684631e+02 1.871676922695503231e-02 1.875317123654848817e-02
3.928323385119438171e+02 1.871234867696084520e-02 1.874953954625972058e-02
3.928324382901191711e+02 1.871432917904579038e-02 1.875241551417638347e-02
3.928325380682945251e+02 1.872370119056733853e-02 1.876463354954210211e-02
3.928326378464698792e+02 1.872062132614464927e-02 1.875914363534512269e-02
3.928327376246452332e+02 1.870858403151223065e-02 1.874960598439329509e-02
3.928328374028205872e+02 1.871652914098276971e-02 1.876057339015307218e-02
3.928329371809959412e+02 1.873077258555095465e-02 1.877685685004728752e-02
3.928330369591712952e+02 1.873417545201291196e-02 1.877814080708707645e-02
3.928331367373466492e+02 1.872631160866956163e-02 1.877340553944075591e-02
3.928332365155220032e+02 1.871308667266580184e-02 1.875762205245572189e-02
3.928333362936973572e+02 1.871097581469062521e-02 1.875812011332439466e-02
3.928334360718727112e+02 1.871888008482282956e-02 1.876536487600233630e-02
3.928335358500480652e+02 1.871429328975197232e-02 1.876396868355877795e-02
3.928336356282234192e+02 1.871529777273508305e-02 1.876684246093068137e-02
3.928337354063987732e+02 1.871866928783505468e-02 1.877022540310469695e-02
3.928338351845741272e+02 1.871893742495316440e-02 1.876777823983077909e-02
3.928339349627494812e+02 1.871849025471260253e-02 1.876978852933562647e-02
3.928340347409248352e+02 1.871969480922042878e-02 1.876954656479317210e-02
3.928341345191001892e+02 1.871617850013847922e-02 1.876545028953640129e-02
3.928342342972755432e+02 1.871032403531331517e-02 1.876275404357791513e-02
3.928343340754508972e+02 1.870784438553873413e-02 1.876076153356728143e-02
3.928344338536262512e+02 1.869903216176048433e-02 1.875304313922072919e-02
3.928345336318016052e+02 1.869954904770106813e-02 1.875306468122417761e-02
3.928346334099769592e+02 1.869870379697974316e-02 1.875323805244132058e-02
3.928347331881523132e+02 1.870906214072683149e-02 1.876341484091594014e-02
3.928348329663276672e+02 1.872215878330832708e-02 1.877457316010013727e-02
3.928349327445030212e+02 1.872704754199727012e-02 1.877620972180986739e-02
3.928350325226783752e+02 1.871043912792842365e-02 1.876213860819929413e-02
3.928351323008537292e+02 1.870797185378993838e-02 1.876258331556009129e-02
3.928352320790290833e+02 1.869871493493713982e-02 1.874890037149053168e-02
3.928353318572044373e+02 1.869020384985196209e-02 1.874285657127938015e-02
3.928354316353797913e+02 1.867617409001203627e-02 1.872855456857816514e-02
3.928355314135551453e+02 1.868368811749188119e-02 1.873627111820565933e-02
3.928356311917304993e+02 1.868188293583560727e-02 1.873596034620310033e-02
3.928357309699058533e+02 1.868814868183888561e-02 1.874072722059584931e-02
3.928358307480812073e+02 1.868798614952400794e-02 1.874225212982459643e-02
3.928359305262565613e+02 1.870739886538620028e-02 1.876148397431083581e-02
3.928360303044319153e+02 1.871478253698512922e-02 1.876733397852315549e-02
3.928361300826072693e+02 1.872774634858575052e-02 1.878213036552816087e-02
3.928362298607826233e+02 1.874166637847298617e-02 1.879291235235427265e-02
3.928363296389579773e+02 1.873640635295219584e-02 1.878749358456261592e-02
3.928364294171333313e+02 1.871796924370417933e-02 1.876851270141029204e-02
3.928365291953086853e+02 1.870946228390243937e-02 1.875518260830214695e-02
3.928366289734840393e+02 1.872019395677169268e-02 1.877011430992576307e-02
3.928367287516593933e+02 1.871851459331028839e-02 1.876528684024287782e-02
3.928368285298347473e+02 1.870749580723030797e-02 1.875320767864140439e-02
3.928369283080101013e+02 1.869849011221112051e-02 1.874148285653381291e-02
3.928370280861854553e+02 1.870593318653226284e-02 1.875490503551371230e-02
3.928371278643608093e+02 1.870273575434635779e-02 1.875276538401066465e-02
3.928372276425361633e+02 1.870309670815423556e-02 1.874836333546105183e-02
3.928373274207115173e+02 1.869871658495186884e-02 1.874431209904641599e-02
3.928374271988868713e+02 1.871387994616925676e-02 1.876094869223695824e-02
3.928375269770622253e+02 1.873561307978412194e-02 1.878196315572235736e-02
3.928376267552375793e+02 1.875108583007972091e-02 1.878904674732195454e-02
3.928377265334129333e+02 1.871640291027112588e-02 1.875518590993947854e-02
3.928378263115882874e+02 1.870705111213599725e-02 1.874806768882762362e-02
3.928379260897636414e+02 1.872732062928041813e-02 1.876744111921884589e-02
3.928380258679389954e+02 1.874016893570087938e-02 1.877995990271576210e-02
3.928381256461143494e+02 1.873043267015817373e-02 1.876836234497205463e-02
3.928382254242897034e+02 1.873378479681032591e-02 1.877078409854148616e-02
3.928383252024650574e+02 1.873769588630724153e-02 1.876992899375662729e-02
3.928384249806404114e+02 1.872959401971934640e-02 1.876448026497347377e-02
3.928385247588157654e+02 1.872485995552214053e-02 1.875607081578681973e-02
3.928386245369911194e+02 1.871515504132573865e-02 1.874756542295231976e-02
3.928387243151664734e+02 1.871174763714428951e-02 1.874278448337843989e-02
3.928388240933418274e+02 1.871767800551819155e-02 1.874437790059451520e-02
3.928389238715171814e+02 1.872808007612946496e-02 1.875750374666039499e-02
3.928390236496925354e+02 1.873315735587133962e-02 1.876340752792698963e-02
3.928391234278678894e+02 1.872921615253872116e-02 1.875518247444295933e-02
3.928392232060432434e+02 1.873036377947531056e-02 1.875436872862851906e-02
3.928393229842185974e+02 1.872065061490336274e-02 1.874364998198699978e-02
3.928394227623939514e+02 1.872037876512474414e-02 1.874028220745115048e-02
3.928395225405693054e+02 1.872986916958286480e-02 1.875671056282410265e-02
3.928396223187446594e+02 1.873861869052706464e-02 1.876060874045929611e-02
3.928397220969200134e+02 1.876769053124619988e-02 1.878600707004407511e-02
3.928398218750953674e+02 1.874913997933113849e-02 1.876535181014886422e-02
3.928399216532707214e+02 1.874547763853606080e-02 1.876338802515486320e-02
3.928400214314460754e+02 1.875891172148771296e-02 1.877130240149564588e-02
3.928401212096214294e+02 1.875856149312207094e-02 1.876809463691616470e-02
3.928402209877967834e+02 1.875387404346742434e-02 1.876954011702377384e-02
3.928403207659721375e+02 1.875979409895313019e-02 1.877360363994694942e-02
3.928404205441474915e+02 1.876344158903799075e-02 1.877985849836348933e-02
3.928405203223228455e+02 1.877121880351950711e-02 1.878310590369754174e-02
3.928406201004981995e+02 1.877069531723781284e-02 1.877979106980504423e-02
3.928407198786735535e+02 1.875664493139529015e-02 1.876885973856657827e-02
3.928408196568489075e+02 1.875078922882554566e-02 1.876842955675299060e-02
3.928409194350242615e+02 1.875227924623558071e-02 1.876171218398756113e-02
3.928410192131996155e+02 1.873513043277724027e-02 1.874446798675396056e-02
3.928411189913749695e+02 1.872128795630976367e-02 1.873186117135273998e-02
3.928412187695503235e+02 1.874893578244504755e-02 1.876152155408871217e-02
3.928413185477256775e+02 1.876196435957349501e-02 1.877216801337567437e-02
3.928414183259010315e+02 1.876276052059767246e-02 1.877001006556716992e-02
3.928415181040763855e+02 1.874964118936268617e-02 1.875727292550656913e-02
3.928416178822517395e+02 1.875005082042068699e-02 1.876580779555463152e-02
3.928417176604270935e+02 1.875950822340178084e-02 1.876733192536843980e-02
3.928418174386024475e+02 1.875109119251296835e-02 1.875780885779255308e-02
3.928419172167778015e+02 1.875798025420817583e-02 1.876092178762010440e-02
3.928420169949531555e+02 1.874291177229188768e-02 1.875017731627616480e-02
3.928421167731285095e+02 1.874564883377618715e-02 1.875038785661822804e-02
3.928422165513038635e+02 1.873806014032708411e-02 1.874711020081985813e-02
3.928423163294792175e+02 1.874612075510571560e-02 1.875227201322833548e-02
3.928424161076545715e+02 1.874852450131817352e-02 1.875916605268474271e-02
3.928425158858299255e+02 1.875562931035993156e-02 1.876142758463578142e-02
3.928426156640052795e+02 1.875670722168892163e-02 1.876105297909751168e-02
3.928427154421806335e+02 1.875347225014134186e-02 1.875980511628903835e-02
3.928428152203559875e+02 1.875241331486416155e-02 1.875326875223740086e-02
3.928429149985313416e+02 1.875485212520461645e-02 1.876104852090193509e-02
3.928430147767066956e+02 1.873875110900838359e-02 1.874078208229816231e-02
3.928431145548820496e+02 1.873926634492749377e-02 1.874229648539261703e-02
3.928432143330574036e+02 1.875089854636968409e-02 1.875564818824619964e-02
3.928433141112327576e+02 1.875000008069140772e-02 1.875747736192104331e-02
3.928434138894081116e+02 1.874045068612316747e-02 1.874479295828717501e-02
3.928435136675834656e+02 1.875685614089553713e-02 1.876229538465002192e-02
3.928436134457588196e+02 1.876106960657865363e-02 1.876090898939906590e-02
3.928437132239341736e+02 1.875171987094374076e-02 1.875370578657734391e-02
3.928438130021095276e+02 1.875049510304390918e-02 1.875402929389383827e-02
3.928439127802848816e+02 1.874867465815912779e-02 1.875583129947462624e-02
3.928440125584602356e+02 1.874551889028287094e-02 1.874935628821892616e-02
3.928441123366355896e+02 1.874730385857175177e-02 1.874653003384683936e-02
3.928442121148109436e+02 1.876410450641285282e-02 1.876817844047640182e-02
3.928443118929862976e+02 1.876853701946978870e-02 1.877203476138011168e-02
3.928444116711616516e+02 1.876260170092657747e-02 1.876646216657264915e-02
3.928445114493370056e+02 1.876050940623841257e-02 1.876186474736527693e-02
3.928446112275123596e+02 1.876070576511305876e-02 1.876818451065688509e-02
3.928447110056877136e+02 1.876749334729742660e-02 1.877189529249589234e-02
3.928448107838630676e+02 1.877085991210568350e-02 1.877920091479319195e-02
3.928449105620384216e+02 1.876294202880255876e-02 1.876363983852267006e-02
3.928450103402137756e+02 1.876708949151213723e-02 1.876681936684784432e-02
3.928451101183891296e+02 1.875351473964081972e-02 1.875527221329118671e-02
3.928452098965644836e+02 1.876003047201450780e-02 1.875851780215768635e-02
3.928453096747398376e+02 1.876381491836206367e-02 1.876385625270507104e-02
3.928454094529151917e+02 1.876241070475621886e-02 1.876519491246545629e-02
3.928455092310905457e+02 1.876326585591960375e-02 1.876395742600751870e-02
3.928456090092658997e+02 1.875500393205000588e-02 1.875485355382742678e-02
3.928457087874412537e+02 1.877156490662564708e-02 1.877280341639652600e-02
3.928458085656166077e+02 1.870855144255071517e-02 1.870956863626652839e-02
3.928459083437919617e+02 1.871874931649661344e-02 1.872170747297489599e-02
3.928460081219673157e+02 1.874117795635526357e-02 1.874341484495850932e-02
3.928461079001426697e+02 1.874652089811746150e-02 1.875135568154595242e-02
3.928462076783180237e+02 1.875607070534755436e-02 1.875769025502798185e-02
3.928463074564933777e+02 1.875872402543984907e-02 1.875934425118191973e-02
3.928464072346687317e+02 1.875820878960693383e-02 1.875881628632326131e-02
3.928465070128440857e+02 1.874990107606736012e-02 1.875049789919993812e-02
3.928466067910194397e+02 1.874341875775276806e-02 1.874597853272888526e-02
3.928467065691947937e+02 1.874237178536793114e-02 1.874526026292126779e-02
3.928468063473701477e+02 1.874469261538780351e-02 1.874540580693844979e-02
3.928469061255455017e+02 1.875056399366509946e-02 1.875064517424067725e-02
3.928470059037208557e+02 1.875895874856534085e-02 1.876072070560640126e-02
3.928471056818962097e+02 1.876252290987396459e-02 1.876283660375144269e-02
3.928472054600715637e+02 1.876551903290411827e-02 1.876932012131973804e-02
3.928473052382469177e+02 1.876578717004972682e-02 1.876489212773075135e-02
3.928474050164222717e+02 1.875799386734361418e-02 1.876017353717265856e-02
3.928475047945976257e+02 1.875119060948139682e-02 1.875200664566468306e-02
3.928476045727729797e+02 1.874789499781943924e-02 1.875069016091329005e-02
3.928477043509483337e+02 1.875263483731532191e-02 1.875110891389834833e-02
3.928478041291236877e+02 1.875954493755242064e-02 1.875940317271744193e-02
3.928479039072990417e+02 1.876822515532172025e-02 1.876774394776702104e-02
3.928480036854743958e+02 1.877162059659616064e-02 1.877122710824923740e-02
3.928481034636497498e+02 1.878533684244601196e-02 1.878666528959547707e-02
3.928482032418251038e+02 1.878075788513818012e-02 1.878273928599163978e-02
3.928483030200004578e+02 1.877459856881471406e-02 1.877569768819963014e-02
3.928484027981758118e+02 1.877472686218056852e-02 1.877485413269854020e-02
3.928485025763511658e+02 1.877342041548617224e-02 1.877529541023162385e-02
3.928486023545265198e+02 1.877378961973717383e-02 1.877395320780670188e-02
3.928487021327018738e+02 1.877050555864577530e-02 1.877502473743357034e-02
3.928488019108772278e+02 1.877267169411332010e-02 1.877359505908478624e-02
3.928489016890525818e+02 1.877902943184907997e-02 1.877944713559727419e-02
3.928490014672279358e+02 1.877175714020980213e-02 1.876840726364441964e-02
3.928491012454032898e+02 1.875917738340301955e-02 1.876200879040357955e-02
3.928492010235786438e+02 1.876450299939857319e-02 1.876261127880318735e-02
3.928493008017539978e+02 1.877112846177321492e-02 1.876889923975889884e-02
3.928494005799293518e+02 1.877060415056033826e-02 1.877099657775522373e-02
3.928495003581047058e+02 1.877212716951885338e-02 1.877557698637320402e-02
3.928496001362800598e+02 1.876942682229278819e-02 1.877106098536851508e-02
3.928496999144554138e+02 1.877695405048552396e-02 1.877769932021746552e-02
3.928497996926307678e+02 1.877849315771356470e-02 1.877773826247466221e-02
3.928498994708061218e+02 1.877888505036644229e-02 1.877713189826094725e-02
3.928499992489814758e+02 1.877699530229267472e-02 1.878234164478796708e-02
3.928500990271568298e+02 1.877799235993530755e-02 1.877793990278257830e-02
3.928501988053321838e+02 1.877956158101502446e-02 1.877760969224159110e-02
3.928502985835075378e+02 1.877883224795319841e-02 1.877815377753244003e-02
3.928503983616828918e+02 1.877911894840342960e-02 1.877985100664765830e-02
3.928504981398582458e+02 1.877262590453868812e-02 1.877289494002521569e-02
3.928505979180335999e+02 1.877585056301054461e-02 1.877747247766442876e-02
3.928506976962089539e+02 1.877587778923828221e-02 1.877905420510025958e-02
3.928507974743843079e+02 1.878407989800031513e-02 1.878018383122499052e-02
3.928508972525596619e+02 1.878193562590498369e-02 1.878285020781967490e-02
3.928509970307350159e+02 1.878289184417571492e-02 1.878596023496176964e-02
3.928510968089103699e+02 1.877811157786847887e-02 1.877870706083726443e-02
3.928511965870857239e+02 1.877681338162674046e-02 1.877661212176532507e-02
3.928512963652610779e+02 1.878523288766895116e-02 1.878498071301221498e-02
3.928513961434364319e+02 1.878072942141460061e-02 1.877953153702367067e-02
3.928514959216117859e+02 1.877589057734702083e-02 1.877824947467652411e-02
3.928515956997871399e+02 1.877778115039645257e-02 1.877783461234598661e-02
3.928516954779624939e+02 1.878481748141228730e-02 1.878184042736980031e-02
3.928517952561378479e+02 1.878574894859977307e-02 1.878802910538258236e-02
3.928518950343132019e+02 1.878389343959516178e-02 1.878732405609629535e-02
3.928519948124885559e+02 1.878122609378174435e-02 1.878077534359435391e-02
3.928520945906639099e+02 1.876594805239067618e-02 1.876972421459236970e-02
3.928521943688392639e+02 1.876188185577002537e-02 1.876318758814776028e-02
3.928522941470146179e+02 1.876141117210052001e-02 1.876244715400865459e-02
3.928523939251899719e+02 1.876273824469134807e-02 1.876106905386369650e-02
3.928524937033653259e+02 1.877113753725560830e-02 1.876954187336599134e-02
3.928525934815406799e+02 1.876216319361471291e-02 1.875988908525005189e-02
3.928526932597160339e+02 1.877375579321647822e-02 1.877506861044130754e-02
3.928527930378913879e+02 1.877364400074782794e-02 1.877541367487427573e-02
3.928528928160667419e+02 1.877379663253976941e-02 1.877280829913622814e-02
3.928529925942420959e+02 1.877010005280676380e-02 1.877301927538451917e-02
3.928530923724174500e+02 1.877863630168059503e-02 1.878285850806685198e-02
3.928531921505928040e+02 1.878591436854071955e-02 1.879098580315923667e-02
3.928532919287681580e+02 1.879666254253452295e-02 1.879575340877493242e-02
3.928533917069435120e+02 1.880384614278253833e-02 1.880403878461948952e-02
3.928534914851188660e+02 1.880790862662001448e-02 1.880854590772302465e-02
3.928535912632942200e+02 1.879263553540876791e-02 1.879411350126809765e-02
3.928536910414695740e+02 1.878349164633978663e-02 1.878155699794985950e-02
3.928537908196449280e+02 1.878055410089293081e-02 1.878130870901293173e-02
3.928538905978202820e+02 1.878546678573699349e-02 1.878472391703487482e-02
3.928539903759956360e+02 1.878609422670857870e-02 1.879062347371571878e-02
3.928540901541709900e+02 1.878777111503450448e-02 1.878643594257985855e-02
3.928541899323463440e+02 1.877211396892840972e-02 1.877195111770849772e-02
3.928542897105216980e+02 1.875306550690874346e-02 1.875801922323329374e-02
3.928543894886970520e+02 1.873879566115373152e-02 1.874036745358332451e-02
3.928544892668724060e+02 1.874794615012798094e-02 1.874862367933666923e-02
3.928545890450477600e+02 1.877172207619411462e-02 1.877496459362213571e-02
3.928546888232231140e+02 1.875620477393879354e-02 1.875768476067059265e-02
3.928547886013984680e+02 1.875961671590294783e-02 1.875870090441296434e-02
3.928548883795738220e+02 1.876145324896596328e-02 1.876703821331435901e-02
3.928549881577491760e+02 1.875865389725936763e-02 1.876234977898491238e-02
3.928550879359245300e+02 1.874582827946533192e-02 1.874746235077793047e-02
3.928551877140998840e+02 1.875649642470895301e-02 1.875599495470893496e-02
3.928552874922752380e+02 1.876012246370343389e-02 1.875898708249069957e-02
3.928553872704505920e+02 1.875892657205779912e-02 1.876297678397394891e-02
3.928554870486259460e+02 1.875776079429845172e-02 1.876057647214914720e-02
3.928555868268013000e+02 1.877492817129938069e-02 1.877541028405292634e-02
3.928556866049766541e+02 1.877996956199286249e-02 1.877858107573656885e-02
3.928557863831520081e+02 1.877848243221320879e-02 1.877863489407580536e-02
3.928558861613273621e+02 1.878141791513710662e-02 1.878447522659500851e-02
3.928559859395027161e+02 1.878762343345775215e-02 1.878497251273612834e-02
3.928560857176780701e+02 1.878761023280600684e-02 1.878761277990902839e-02
3.928561854958534241e+02 1.878266702158373769e-02 1.877851880912894886e-02
3.928562852740287781e+02 1.876187525561459624e-02 1.876926005272964992e-02
3.928563850522041321e+02 1.875838452252391597e-02 1.875834972608653867e-02
3.928564848303794861e+02 1.874820314930159687e-02 1.874886191560093396e-02
3.928565846085548401e+02 1.875475559587697766e-02 1.875481690283008901e-02
3.928566843867301941e+02 1.876410656898468837e-02 1.876497803235123094e-02
