3.985407726466655731e+02 1.576303927445418807e-02 1.576811070432944384e-02
3.985408724248409271e+02 1.577929374031962137e-02 1.577653475830684618e-02
3.985409722030162811e+02 1.576065986786587964e-02 1.575795377009012177e-02
3.985410719811916351e+02 1.572705116202149922e-02 1.572874831668905071e-02
3.985411717593669891e+02 1.574062343276695641e-02 1.574312863281460487e-02
3.985412715375423431e+02 1.572957123749273156e-02 1.573259406954385931e-02
3.985413713157176971e+02 1.571750177175603932e-02 1.572434917363995516e-02
3.985414710938930511e+02 1.575793930851694322e-02 1.576028352104953331e-02
3.985415708720684052e+02 1.576989450664862541e-02 1.577012838730609476e-02
3.985416706502437592e+02 1.577397843957444729e-02 1.577315738871523307e-02
3.985417704284191132e+02 1.578322174129333233e-02 1.578405398055273898e-02
3.985418702065944672e+02 1.578721368273591774e-02 1.578844391333059441e-02
3.985419699847698212e+02 1.579083311993752237e-02 1.579165307129118748e-02
3.985420697629451752e+02 1.577393512507416565e-02 1.577171862795681556e-02
3.985421695411205292e+02 1.572163025652457621e-02 1.572239968151472114e-02
3.985422693192958832e+02 1.573849978729788615e-02 1.573584053075948244e-02
3.985423690974712372e+02 1.574701911892551279e-02 1.574564861036917285e-02
3.985424688756465912e+02 1.574211839929742091e-02 1.574105319666292344e-02
3.985425686538219452e+02 1.575261534460224364e-02 1.575579888289562955e-02
3.985426684319972992e+02 1.576358256116456094e-02 1.576234526552692389e-02
3.985427682101726532e+02 1.576629569525991870e-02 1.576796718300003258e-02
3.985428679883480072e+02 1.577252142434125426e-02 1.577135226687203032e-02
3.985429677665233612e+02 1.577488556785558438e-02 1.577510875497094636e-02
3.985430675446987152e+02 1.577460959291197840e-02 1.577358593300010742e-02
3.985431673228740692e+02 1.576120356708136938e-02 1.576143844010498979e-02
3.985432671010494232e+02 1.576581758632900065e-02 1.576853007205217608e-02
3.985433668792247772e+02 1.578196149739018173e-02 1.578320345087398310e-02
3.985434666574001312e+02 1.579442368091288351e-02 1.579338275665292252e-02
3.985435664355754852e+02 1.578653385232105244e-02 1.578620465246359864e-02
3.985436662137508392e+02 1.575045044773899089e-02 1.575132939953817479e-02
3.985437659919261932e+02 1.576111198793352097e-02 1.576092429470012796e-02
3.985438657701015472e+02 1.575970942505231301e-02 1.575918171999905401e-02
3.985439655482769012e+02 1.579752458236136775e-02 1.579809194816322870e-02
3.985440653264522552e+02 1.579167424516357207e-02 1.579023457670046884e-02
3.985441651046276093e+02 1.578621208785820421e-02 1.578738976308549993e-02
3.985442648828029633e+02 1.578911910565598126e-02 1.578676065405447415e-02
3.985443646609783173e+02 1.578941281880207048e-02 1.579017836563518379e-02
3.985444644391536713e+02 1.580069066215264093e-02 1.579782899949772057e-02
3.985445642173290253e+02 1.579809220803421455e-02 1.579841659135798604e-02
3.985446639955043793e+02 1.575168429050978133e-02 1.574828224461628096e-02
3.985447637736797333e+02 1.569569604485348061e-02 1.569789093779439329e-02
3.985448635518550873e+02 1.575911086085814844e-02 1.576039529669838457e-02
3.985449633300304413e+02 1.577635537105452276e-02 1.577481143055718682e-02
3.985450631082057953e+02 1.575314419331860782e-02 1.574977378281518584e-02
3.985451628863811493e+02 1.573755099472757407e-02 1.573258857472681349e-02
3.985452626645565033e+02 1.574160316370459833e-02 1.574274953827551823e-02
3.985453624427318573e+02 1.575151062010831174e-02 1.574945391456899352e-02
3.985454622209072113e+02 1.574090229479476258e-02 1.573993014740029256e-02
3.985455619990825653e+02 1.573389566831931777e-02 1.573161817749451144e-02
3.985456617772579193e+02 1.572150897568460465e-02 1.572260584439617165e-02
3.985457615554332733e+02 1.574166999163883335e-02 1.574535047326437731e-02
3.985458613336086273e+02 1.574295292405823027e-02 1.574267344849404962e-02
3.985459611117839813e+02 1.574353003748703642e-02 1.574463022281243421e-02
3.985460608899593353e+02 1.573738433707864634e-02 1.573673898733714271e-02
3.985461606681346893e+02 1.573288417290277103e-02 1.573051257481484708e-02
3.985462604463100433e+02 1.572739025173424537e-02 1.572805552187139105e-02
3.985463602244853973e+02 1.570691902207489721e-02 1.570590042153579419e-02
3.985464600026607513e+02 1.572213641648428223e-02 1.572469354554779236e-02
3.985465597808361053e+02 1.574583065307423591e-02 1.574793344554930447e-02
3.985466595590114594e+02 1.576693839900506280e-02 1.576946003662812665e-02
3.985467593371868134e+02 1.577050544637183943e-02 1.576618653645926391e-02
3.985468591153621674e+02 1.573778448028528149e-02 1.573665772368601501e-02
3.985469588935375214e+02 1.573802869146482056e-02 1.574115915448815600e-02
3.985470586717128754e+02 1.576546900826155881e-02 1.576637587984038025e-02
3.985471584498882294e+02 1.577142783773378271e-02 1.576981187711869181e-02
3.985472582280635834e+02 1.576865035077256588e-02 1.576743525409048802e-02
3.985473580062389374e+02 1.573450949594012993e-02 1.573881994265816098e-02
3.985474577844142914e+02 1.577686565645510658e-02 1.577841189375975284e-02
3.985475575625896454e+02 1.577279698661789367e-02 1.577613503673737372e-02
3.985476573407649994e+02 1.576294233246530729e-02 1.576344468264678431e-02
3.985477571189403534e+02 1.573735133575973610e-02 1.573684586580121128e-02
3.985478568971157074e+02 1.573172582116905832e-02 1.573270540031863896e-02
3.985479566752910614e+02 1.574683719823715897e-02 1.574782244202920650e-02
3.985480564534664154e+02 1.576000808849550849e-02 1.576293143565201532e-02
3.985481562316417694e+02 1.576414482383821022e-02 1.576460230227681725e-02
3.985482560098171234e+02 1.576490633294587093e-02 1.576793009858848404e-02
3.985483557879924774e+02 1.576668305004725462e-02 1.577075006012647329e-02
3.985484555661678314e+02 1.576413987356281229e-02 1.576425312799541179e-02
3.985485553443431854e+02 1.575589280404308956e-02 1.575662473853216977e-02
3.985486551225185394e+02 1.576123491842780153e-02 1.576188217617292137e-02
3.985487549006938934e+02 1.577117702645674385e-02 1.576890006412749387e-02
3.985488546788692474e+02 1.577563882640856119e-02 1.577920961469554684e-02
3.985489544570446014e+02 1.578547037957267474e-02 1.578436282107638367e-02
3.985490542352199554e+02 1.577540657848196595e-02 1.577482747625099518e-02
3.985491540133953094e+02 1.575968962413610772e-02 1.575834541133224603e-02
3.985492537915706635e+02 1.573444926820843914e-02 1.573497188504030184e-02
3.985493535697460175e+02 1.569543326997241764e-02 1.569371053649556633e-02
3.985494533479213715e+02 1.572160138009754890e-02 1.572995823526748133e-02
3.985495531260967255e+02 1.573531761956114411e-02 1.573910000364020512e-02
3.985496529042720795e+02 1.572480541092292905e-02 1.572709201969182610e-02
3.985497526824474335e+02 1.569897886609840712e-02 1.569666101891800669e-02
3.985498524606227875e+02 1.569238805828061106e-02 1.569392571387004734e-02
3.985499522387981415e+02 1.570092760339000110e-02 1.570373510702354619e-02
3.985500520169734955e+02 1.569345029336494113e-02 1.569716368483078245e-02
3.985501517951488495e+02 1.571402960301510748e-02 1.571568817457014849e-02
3.985502515733242035e+02 1.572101849122314182e-02 1.572430554502390887e-02
3.985503513514995575e+02 1.571973762128931959e-02 1.572100449113172232e-02
3.985504511296749115e+02 1.574841714415348148e-02 1.575523689543650852e-02
3.985505509078502655e+02 1.574473252891967975e-02 1.574763686625199610e-02
3.985506506860256195e+02 1.573809221878241793e-02 1.574377986107928715e-02
3.985507504642009735e+02 1.573069782504307040e-02 1.573772179500373264e-02
3.985508502423763275e+02 1.574957632095413951e-02 1.575662908473915089e-02
3.985509500205516815e+02 1.576570125608305062e-02 1.576887004024284805e-02
3.985510497987270355e+02 1.575254521660978541e-02 1.575476581535727866e-02
3.985511495769023895e+02 1.574411333855813347e-02 1.574771889445941361e-02
3.985512493550777435e+02 1.573703740895666253e-02 1.573838229105835665e-02
3.985513491332530975e+02 1.572536272331945956e-02 1.573556156583532512e-02
3.985514489114284515e+02 1.574399082062469604e-02 1.575180863345194970e-02
3.985515486896038055e+02 1.575935713432211061e-02 1.576377765122735641e-02
3.985516484677791595e+02 1.576230540398789598e-02 1.576791398423176352e-02
3.985517482459545135e+02 1.574564419467903986e-02 1.575332113771767129e-02
3.985518480241298676e+02 1.575191076307101007e-02 1.575301845605756729e-02
3.985519478023052216e+02 1.574011562194400221e-02 1.575212960273271109e-02
3.985520475804805756e+02 1.575113729086437264e-02 1.575788168910350479e-02
3.985521473586559296e+02 1.574734789606576160e-02 1.575823136633450541e-02
3.985522471368312836e+02 1.576478711511896530e-02 1.577227228331428560e-02
3.985523469150066376e+02 1.574522755111489730e-02 1.575609788028587213e-02
3.985524466931819916e+02 1.576219196128146594e-02 1.576755693028641936e-02
3.985525464713573456e+02 1.575440072464734040e-02 1.576186058750194893e-02
3.985526462495326996e+02 1.574734294604508700e-02 1.576095957824503319e-02
3.985527460277080536e+02 1.579065903722411124e-02 1.579867067008116147e-02
3.985528458058834076e+02 1.577951608772304448e-02 1.578691996503917699e-02
3.985529455840587616e+02 1.576349551974067995e-02 1.577263265592850766e-02
3.985530453622341156e+02 1.574637311503877118e-02 1.575257983005888540e-02
3.985531451404094696e+02 1.576087726496078895e-02 1.576920201557866635e-02
3.985532449185848236e+02 1.579331524373405946e-02 1.580262086698992763e-02
3.985533446967601776e+02 1.579813510999837287e-02 1.580726427070216350e-02
3.985534444749355316e+02 1.573414647959554824e-02 1.574949016356724796e-02
3.985535442531108856e+02 1.579917878172064707e-02 1.580892903258580839e-02
3.985536440312862396e+02 1.577640239816800391e-02 1.578692464660642891e-02
3.985537438094615936e+02 1.574313071978561407e-02 1.575810799569385759e-02
3.985538435876369476e+02 1.578560981089420501e-02 1.579584047390131946e-02
3.985539433658123016e+02 1.577434063076559034e-02 1.578673784379587899e-02
3.985540431439876556e+02 1.576692148580978101e-02 1.577646057196144952e-02
3.985541429221630096e+02 1.574236921053602176e-02 1.575718902072318836e-02
3.985542427003383636e+02 1.576738103166120536e-02 1.578257951903039996e-02
3.985543424785137177e+02 1.574667301590945354e-02 1.575847307013236720e-02
3.985544422566890717e+02 1.573505113257445825e-02 1.574579208446204651e-02
3.985545420348644257e+02 1.572070992742653078e-02 1.573473677759909539e-02
3.985546418130397797e+02 1.571658928024331769e-02 1.573115773535526188e-02
3.985547415912151337e+02 1.569214137237416248e-02 1.570937753235184323e-02
3.985548413693904877e+02 1.572608421838411069e-02 1.574666328423091413e-02
3.985549411475658417e+02 1.573380656452778512e-02 1.575489646940425592e-02
3.985550409257411957e+02 1.573976539387608037e-02 1.575817556838594868e-02
3.985551407039165497e+02 1.575384134966021504e-02 1.577598233086034349e-02
3.985552404820919037e+02 1.576476937685002827e-02 1.578301931139483583e-02
3.985553402602672577e+02 1.576242379669366006e-02 1.578457511976229938e-02
3.985554400384426117e+02 1.574716638795922025e-02 1.576839646618713453e-02
3.985555398166179657e+02 1.572906012680524990e-02 1.575076796989054867e-02
3.985556395947933197e+02 1.573992627602390643e-02 1.576588845612579559e-02
3.985557393729686737e+02 1.572946233232500046e-02 1.575188514610094750e-02
3.985558391511440277e+02 1.569617044133905792e-02 1.572120371627681867e-02
3.985559389293193817e+02 1.574548867532913482e-02 1.577450322854744361e-02
3.985560387074947357e+02 1.576311889027123131e-02 1.579539615644958220e-02
3.985561384856700897e+02 1.577771956987601698e-02 1.580796787109780416e-02
3.985562382638454437e+02 1.577701705091035661e-02 1.580840843633891935e-02
3.985563380420207977e+02 1.574585581714350521e-02 1.577562465207172498e-02
3.985564378201961517e+02 1.574497756506179971e-02 1.578009309995657278e-02
3.985565375983715057e+02 1.575108902633006944e-02 1.578413423926641745e-02
3.985566373765468597e+02 1.574639910357792522e-02 1.578432871928536069e-02
3.985567371547222137e+02 1.573590009554885760e-02 1.577368815648772307e-02
3.985568369328975677e+02 1.572775574309496355e-02 1.577114833363346680e-02
3.985569367110729218e+02 1.573701472048492228e-02 1.578182852414166532e-02
3.985570364892482758e+02 1.573498595456839649e-02 1.577909312461079488e-02
3.985571362674236298e+02 1.572833161886472847e-02 1.577464029276135632e-02
3.985572360455989838e+02 1.573422320785796552e-02 1.578207109102604949e-02
3.985573358237743378e+02 1.571929870163729648e-02 1.576539478141425477e-02
3.985574356019496918e+02 1.570439812144590330e-02 1.575459650456955893e-02
3.985575353801250458e+02 1.570026179856747611e-02 1.575365561681064605e-02
3.985576351583003998e+02 1.570758565173531809e-02 1.576299268500363365e-02
3.985577349364757538e+02 1.568628278484666960e-02 1.574291775781007374e-02
3.985578347146511078e+02 1.566888028008252970e-02 1.573090883554370892e-02
3.985579344928264618e+02 1.565650225078658170e-02 1.571892925891507642e-02
3.985580342710018158e+02 1.565289436408378795e-02 1.571394886294794416e-02
3.985581340491771698e+02 1.566793561279707786e-02 1.573698738953409337e-02
3.985582338273525238e+02 1.571397886323185750e-02 1.578218963981795064e-02
3.985583336055278778e+02 1.571836558473394332e-02 1.579397160367945752e-02
3.985584333837032318e+02 1.572479839807492188e-02 1.579394820989907938e-02
3.985585331618785858e+02 1.570474876212828164e-02 1.578198410209796440e-02
3.985586329400539398e+02 1.570433294349379144e-02 1.578210909065572501e-02
3.985587327182292938e+02 1.569217602376983198e-02 1.576766149805516187e-02
3.985588324964046478e+02 1.569548607212931102e-02 1.577290373022417758e-02
3.985589322745800018e+02 1.569328817356362149e-02 1.577016857565667618e-02
3.985590320527553558e+02 1.568482246938101773e-02 1.577119128884067745e-02
3.985591318309307098e+02 1.567193786712942072e-02 1.575648416950510555e-02
3.985592316091060638e+02 1.563749009896093015e-02 1.572436782747289180e-02
3.985593313872814178e+02 1.566183858985201183e-02 1.575187589616021400e-02
3.985594311654567719e+02 1.564772344501556486e-02 1.574076454335601033e-02
3.985595309436321259e+02 1.564898740162630822e-02 1.574424524312897922e-02
3.985596307218074799e+02 1.568767916014833161e-02 1.578195983194599639e-02
3.985597304999828339e+02 1.568831031345308338e-02 1.577967161445821553e-02
3.985598302781581879e+02 1.569557476374870003e-02 1.579175503289687033e-02
3.985599300563335419e+02 1.568369051879081599e-02 1.577681602090280633e-02
3.985600298345088959e+02 1.566716709104106625e-02 1.576387067550673662e-02
3.985601296126842499e+02 1.564276291055052837e-02 1.573847954331948976e-02
3.985602293908596039e+02 1.564073744468844063e-02 1.574472242984430864e-02
3.985603291690349579e+02 1.565842334904442995e-02 1.575334196837780906e-02
3.985604289472103119e+02 1.568650719488600201e-02 1.578374309686593133e-02
3.985605287253856659e+02 1.566563747236526805e-02 1.576281453248839712e-02
3.985606285035610199e+02 1.570358092303537206e-02 1.580684909584581174e-02
3.985607282817363739e+02 1.574950454443271169e-02 1.585440261520698613e-02
3.985608280599117279e+02 1.577855203324404765e-02 1.587873085439847620e-02
3.985609278380870819e+02 1.571438106949511401e-02 1.581340112965457650e-02
3.985610276162624359e+02 1.569067156918756145e-02 1.579478821482026285e-02
3.985611273944377899e+02 1.567890736684746447e-02 1.578118882821616734e-02
3.985612271726131439e+02 1.567848288531890899e-02 1.577825324258283479e-02
3.985613269507884979e+02 1.566038322449176193e-02 1.575964399133573945e-02
3.985614267289638519e+02 1.565483278831323113e-02 1.575480775479286624e-02
3.985615265071392059e+02 1.563963024473379732e-02 1.574190356660369605e-02
3.985616262853145599e+02 1.564451405096337067e-02 1.574351981709553455e-02
3.985617260634899139e+02 1.565552870689217516e-02 1.575340243650808283e-02
3.985618258416652679e+02 1.568864032786836116e-02 1.578796292151559907e-02
3.985619256198406219e+02 1.569650499279718128e-02 1.579577688407390185e-02
3.985620253980159760e+02 1.567267132491709236e-02 1.576907544889463719e-02
3.985621251761913300e+02 1.562837302807517509e-02 1.572000231034122869e-02
3.985622249543666840e+02 1.562818038193437148e-02 1.572703733853830083e-02
3.985623247325420380e+02 1.566623562402346542e-02 1.576303180617391608e-02
3.985624245107173920e+02 1.567321914945394440e-02 1.576420412043579716e-02
3.985625242888927460e+02 1.566715430275290172e-02 1.575556616391433212e-02
3.985626240670681000e+02 1.567494801447317371e-02 1.576517098607045989e-02
3.985627238452434540e+02 1.567386515353026005e-02 1.576204879880214321e-02
3.985628236234188080e+02 1.567152576109229201e-02 1.575464327852436897e-02
3.985629234015941620e+02 1.566016170200652119e-02 1.574651026069467247e-02
3.985630231797695160e+02 1.566562633425813700e-02 1.574554003453228213e-02
3.985631229579448700e+02 1.565406797890816354e-02 1.573689474410662134e-02
3.985632227361202240e+02 1.567335734316815943e-02 1.575324803304031795e-02
3.985633225142955780e+02 1.568066840820843064e-02 1.575674396932301782e-02
3.985634222924709320e+02 1.568598082115563869e-02 1.576040771607557789e-02
3.985635220706462860e+02 1.568380272367498815e-02 1.575433189374821075e-02
3.985636218488216400e+02 1.566568986212392087e-02 1.573701728560980562e-02
3.985637216269969940e+02 1.566280388278751962e-02 1.573300508350255339e-02
3.985638214051723480e+02 1.565640035856879012e-02 1.572384524522215526e-02
3.985639211833477020e+02 1.563369039120332538e-02 1.569654336402011643e-02
3.985640209615230560e+02 1.569048222285800154e-02 1.575425752109519892e-02
3.985641207396984100e+02 1.569667041268697771e-02 1.575547806625970937e-02
3.985642205178737640e+02 1.569951431512398715e-02 1.575815359391469217e-02
3.985643202960491180e+02 1.568822822190628352e-02 1.574534806836663109e-02
3.985644200742244720e+02 1.565524241903188535e-02 1.571215163007329274e-02
3.985645198523998260e+02 1.567645205675546882e-02 1.574068045445276703e-02
3.985646196305751801e+02 1.571210272920856715e-02 1.576582599379166422e-02
3.985647194087505341e+02 1.567665790368725012e-02 1.572396481802504353e-02
3.985648191869258881e+02 1.568139567834246281e-02 1.572679286496225098e-02
3.985649189651012421e+02 1.563412147387488113e-02 1.568131938840893608e-02
3.985650187432765961e+02 1.567648670886587214e-02 1.572302244022386747e-02
3.985651185214519501e+02 1.575392014073358563e-02 1.579364922137070637e-02
3.985652182996273041e+02 1.573897665859068026e-02 1.578143565648065794e-02
3.985653180778026581e+02 1.574860112728603684e-02 1.578937361683874219e-02
3.985654178559780121e+02 1.574009004592246547e-02 1.577474502665050793e-02
3.985655176341533661e+02 1.573276990531139591e-02 1.576848380188208484e-02
3.985656174123287201e+02 1.571439963210899057e-02 1.574406038285797865e-02
3.985657171905040741e+02 1.573145520891511273e-02 1.576432872128112617e-02
3.985658169686794281e+02 1.572725329570402036e-02 1.576234421546175712e-02
3.985659167468547821e+02 1.574978918052739874e-02 1.578187227043120755e-02
3.985660165250301361e+02 1.574537523283460472e-02 1.577200584852043314e-02
3.985661163032054901e+02 1.568452421868723329e-02 1.571267537241267248e-02
3.985662160813808441e+02 1.573087685789003806e-02 1.575955302104559141e-02
3.985663158595561981e+02 1.573680351119985735e-02 1.576588781037195630e-02
3.985664156377315521e+02 1.576408335868721700e-02 1.579163932568741768e-02
3.985665154159069061e+02 1.575109438895541669e-02 1.577471968966781893e-02
3.985666151940822601e+02 1.576666366193748420e-02 1.579356275705588383e-02
3.985667149722576141e+02 1.575975603967545019e-02 1.577962995029421125e-02
3.985668147504329681e+02 1.573962101225638219e-02 1.576119554831846570e-02
3.985669145286083221e+02 1.574047946325279196e-02 1.576163962009281827e-02
3.985670143067836761e+02 1.573228437101795857e-02 1.575315021415595734e-02
3.985671140849590302e+02 1.570523800927237784e-02 1.572754864227832866e-02
3.985672138631343842e+02 1.569575668426035492e-02 1.571153071770881038e-02
3.985673136413097382e+02 1.569622736804142729e-02 1.571763054493485745e-02
3.985674134194850922e+02 1.574161966436782994e-02 1.576234050571835577e-02
3.985675131976604462e+02 1.575896400414614554e-02 1.577701487897398627e-02
3.985676129758358002e+02 1.576909339559146375e-02 1.578567096392311311e-02
3.985677127540111542e+02 1.574887091430544200e-02 1.576241388425151171e-02
3.985678125321865082e+02 1.574150003397273984e-02 1.575709281476337167e-02
3.985679123103618622e+02 1.574578362598538783e-02 1.576121294477792617e-02
3.985680120885372162e+02 1.573413410402061535e-02 1.574665268468589813e-02
3.985681118667125702e+02 1.572390735822982999e-02 1.573869942212350465e-02
3.985682116448879242e+02 1.571016636746658257e-02 1.571917913826598873e-02
3.985683114230632782e+02 1.573711578752665791e-02 1.575171969266533911e-02
3.985684112012386322e+02 1.573942877866773421e-02 1.575009215725502176e-02
3.985685109794139862e+02 1.574497797750983377e-02 1.575531080493130370e-02
3.985686107575893402e+02 1.576544466956425819e-02 1.577610503610640466e-02
3.985687105357646942e+02 1.574594285808162894e-02 1.576273156214400006e-02
3.985688103139400482e+02 1.573936937601916677e-02 1.574633502330308535e-02
3.985689100921154022e+02 1.571942080735937164e-02 1.572739836418838438e-02
3.985690098702907562e+02 1.577037880350560389e-02 1.578113926666664321e-02
3.985691096484661102e+02 1.576358668632850749e-02 1.577328847900567876e-02
3.985692094266414642e+02 1.576083106278958548e-02 1.577088946602637348e-02
3.985693092048168182e+02 1.575514408304638445e-02 1.576710500124754027e-02
3.985694089829921722e+02 1.577248594763550754e-02 1.578287814311949561e-02
3.985695087611675262e+02 1.574665816518243389e-02 1.575001762431422342e-02
3.985696085393428802e+02 1.571889567103819385e-02 1.572683303049775619e-02
3.985697083175182343e+02 1.572964755307183771e-02 1.574373085281358109e-02
3.985698080956935883e+02 1.576517323247313834e-02 1.577305219499180317e-02
3.985699078738689423e+02 1.578468246928995539e-02 1.579214061150466253e-02
3.985700076520442963e+02 1.577265384271255705e-02 1.577642577309668753e-02
3.985701074302196503e+02 1.578074704315374222e-02 1.578724096694020945e-02
3.985702072083950043e+02 1.576905461894514970e-02 1.577370953493493697e-02
3.985703069865703583e+02 1.569273622487651551e-02 1.570216401559517208e-02
3.985704067647457123e+02 1.570723996167739181e-02 1.571580177923073696e-02
3.985705065429210663e+02 1.575029039051505098e-02 1.575450793515291437e-02
3.985706063210964203e+02 1.575452901793754357e-02 1.576052073096592676e-02
3.985707060992717743e+02 1.576661127195050360e-02 1.577055773189146165e-02
3.985708058774471283e+02 1.578205266410478980e-02 1.578806168909974508e-02
3.985709056556224823e+02 1.580420861964756951e-02 1.580585601685582237e-02
3.985710054337978363e+02 1.579198239651485869e-02 1.579556340837417680e-02
3.985711052119731903e+02 1.579416461932601351e-02 1.580204014040668958e-02
3.985712049901485443e+02 1.578905145262023829e-02 1.579528761125270631e-02
3.985713047683238983e+02 1.580484884833972120e-02 1.580885356563426630e-02
3.985714045464992523e+02 1.576814749108492592e-02 1.577223530813411101e-02
3.985715043246746063e+02 1.576035130467061743e-02 1.576156270970457615e-02
3.985716041028499603e+02 1.579231818698466697e-02 1.580600083015999344e-02
3.985717038810253143e+02 1.583763334314391980e-02 1.583922729024258430e-02
3.985718036592006683e+02 1.580702570907961679e-02 1.580807764915069524e-02
3.985719034373760223e+02 1.583147279220151887e-02 1.583703279401935810e-02
3.985720032155513763e+02 1.580059619576006796e-02 1.580182033043776857e-02
3.985721029937267303e+02 1.576285776712727654e-02 1.576960342589040637e-02
3.985722027719020844e+02 1.575507643043117662e-02 1.575896061467799494e-02
3.985723025500774384e+02 1.574831277719438913e-02 1.575206741060491619e-02
3.985724023282527924e+02 1.577529891132972012e-02 1.577387799891782905e-02
3.985725021064281464e+02 1.577449243770884246e-02 1.577358422925517062e-02
3.985726018846035004e+02 1.577938573190412752e-02 1.578244384332904218e-02
3.985727016627788544e+02 1.577846705332181312e-02 1.578672829038236386e-02
3.985728014409542084e+02 1.574699973061037539e-02 1.574567801604048398e-02
3.985729012191295624e+02 1.575391766556542839e-02 1.575805036885373836e-02
3.985730009973049164e+02 1.576283425266239435e-02 1.576388138508815970e-02
3.985731007754802704e+02 1.574932055953417315e-02 1.575082583035883332e-02
3.985732005536556244e+02 1.576126255752643632e-02 1.575887656962093528e-02
3.985733003318309784e+02 1.576717188477871900e-02 1.577422319835402112e-02
3.985734001100063324e+02 1.580632236433997945e-02 1.580711709450460800e-02
3.985734998881816864e+02 1.579826959101390121e-02 1.579722712853378480e-02
3.985735996663570404e+02 1.577028681162263163e-02 1.577368689385460349e-02
3.985736994445323944e+02 1.577595357816456018e-02 1.577557123482462714e-02
3.985737992227077484e+02 1.576373189293737292e-02 1.576296643711461165e-02
3.985738990008831024e+02 1.572387146960211798e-02 1.572194453254520397e-02
3.985739987790584564e+02 1.576574292053186180e-02 1.577367138887263848e-02
3.985740985572338104e+02 1.577149920338860589e-02 1.576793185539721379e-02
3.985741983354091644e+02 1.575709735802918038e-02 1.575946567282548658e-02
3.985742981135845184e+02 1.576470461142328097e-02 1.576768583034342600e-02
3.985743978917598724e+02 1.574305605406210035e-02 1.574542382076956834e-02
3.985744976699352264e+02 1.571459475353798041e-02 1.571658412218131240e-02
3.985745974481105804e+02 1.575051810068662725e-02 1.574889440687733677e-02
3.985746972262859344e+02 1.570006997819367589e-02 1.569421043124803739e-02
3.985747970044612885e+02 1.569670135194230903e-02 1.570120221046216943e-02
3.985748967826366425e+02 1.573704730947248290e-02 1.573874898001595066e-02
3.985749965608119965e+02 1.574905984793652236e-02 1.574851667303801481e-02
3.985750963389873505e+02 1.577264311746073150e-02 1.577124938649518415e-02
3.985751961171627045e+02 1.573285694702339366e-02 1.573143976939708755e-02
3.985752958953380585e+02 1.575299197444906402e-02 1.574983686847790734e-02
3.985753956735134125e+02 1.575454098122852295e-02 1.575155363938727376e-02
3.985754954516887665e+02 1.574739657339646604e-02 1.574929222771373483e-02
3.985755952298641205e+02 1.575370109343159075e-02 1.575816981414290135e-02
3.985756950080394745e+02 1.577178920448742486e-02 1.577153638326032892e-02
3.985757947862148285e+02 1.575626118328699032e-02 1.575247880331991090e-02
3.985758945643901825e+02 1.568756076706387392e-02 1.568945594505425506e-02
3.985759943425655365e+02 1.569967272233951244e-02 1.569970253615423500e-02
3.985760941207408905e+02 1.573518850123391266e-02 1.573273221940231850e-02
3.985761938989162445e+02 1.576093996786450194e-02 1.576480560100476311e-02
3.985762936770915985e+02 1.577382622020753397e-02 1.577807575166662035e-02
3.985763934552669525e+02 1.577467642077033314e-02 1.577175732006292838e-02
3.985764932334423065e+02 1.572834110702678659e-02 1.572129099317022202e-02
3.985765930116176605e+02 1.570022549715539145e-02 1.570320365528798598e-02
3.985766927897930145e+02 1.575698226543758435e-02 1.576350590436926755e-02
3.985767925679683685e+02 1.580470364179520013e-02 1.580994411184332912e-02
3.985768923461437225e+02 1.578781802239252741e-02 1.578931562418830689e-02
3.985769921243190765e+02 1.577610827276021421e-02 1.578066559869100924e-02
3.985770919024944305e+02 1.583281719032082410e-02 1.583649105550916439e-02
3.985771916806697845e+02 1.580724269315912645e-02 1.579985376406207315e-02
3.985772914588451385e+02 1.572016292847164612e-02 1.571904333174790891e-02
3.985773912370204926e+02 1.576415926196667733e-02 1.576693125763344028e-02
3.985774910151958466e+02 1.579031994708665620e-02 1.579594454485179142e-02
3.985775907933712006e+02 1.581397829515710299e-02 1.581316818292388682e-02
3.985776905715465546e+02 1.579198982177662872e-02 1.579207339646956226e-02
3.985777903497219086e+02 1.581970240176517467e-02 1.582151497855265737e-02
3.985778901278972626e+02 1.580915017890254654e-02 1.580432262152997591e-02
3.985779899060726166e+02 1.575285378036306999e-02 1.574922178286562724e-02
3.985780896842479706e+02 1.571665528315368404e-02 1.571762840502840403e-02
3.985781894624233246e+02 1.571138659718702979e-02 1.571288108608782236e-02
3.985782892405986786e+02 1.574003724352620454e-02 1.574282586397105985e-02
3.985783890187740326e+02 1.573264367508311196e-02 1.572690341777066569e-02
3.985784887969493866e+02 1.571141836189537955e-02 1.571655570558163489e-02
3.985785885751247406e+02 1.573198034563601591e-02 1.573379435687892458e-02
3.985786883533000946e+02 1.575366066678814472e-02 1.575384921742389172e-02
3.985787881314754486e+02 1.570571240602070331e-02 1.570158508021815211e-02
3.985788879096508026e+02 1.574746628936216086e-02 1.575001882077231921e-02
3.985789876878261566e+02 1.578013404045984155e-02 1.578587885778102301e-02
3.985790874660015106e+02 1.575541840780423503e-02 1.574764847727347372e-02
3.985791872441768646e+02 1.576278640059724373e-02 1.576686022571036072e-02
3.985792870223522186e+02 1.577070056767449630e-02 1.576976135815223376e-02
3.985793868005275726e+02 1.574207302225549138e-02 1.574197943093560287e-02
3.985794865787029266e+02 1.573891065581375578e-02 1.574354094884673066e-02
3.985795863568782806e+02 1.576230829155520277e-02 1.576153927717671016e-02
3.985796861350536346e+02 1.573733648496739718e-02 1.573436774684435630e-02
3.985797859132289886e+02 1.571918979692519397e-02 1.571891319575344573e-02
3.985798856914043427e+02 1.571737389044892963e-02 1.571694516448152515e-02
3.985799854695796967e+02 1.574662227598316519e-02 1.574846914071033332e-02
3.985800852477550507e+02 1.575712334666339726e-02 1.575730587625716328e-02
3.985801850259304047e+02 1.574952145595592129e-02 1.574892173432040562e-02
3.985802848041057587e+02 1.574213943765875520e-02 1.574139299069359996e-02
3.985803845822811127e+02 1.571972029560584835e-02 1.571467739515249040e-02
3.985804843604564667e+02 1.568933335939999563e-02 1.568646857698150973e-02
3.985805841386318207e+02 1.568142331784225935e-02 1.568519588937561729e-02
3.985806839168071747e+02 1.571253339921527270e-02 1.571323306383068039e-02
