2.000000000000000000e+00 1.653556452202117194e-02 1.653400143980016460e-02
3.000000000000000000e+00 1.653498963618550699e-02 1.653412262123225493e-02
4.000000000000000000e+00 1.653480522390506427e-02 1.653237499472691788e-02
5.000000000000000000e+00 1.653613769174736362e-02 1.653503399017748968e-02
6.000000000000000000e+00 1.653392870452179836e-02 1.653456206898844955e-02
7.000000000000000000e+00 1.653378164993585600e-02 1.653242396892293242e-02
8.000000000000000000e+00 1.653422650988267684e-02 1.653543700429716337e-02
9.000000000000000000e+00 1.653375749283324606e-02 1.653411549286790821e-02
1.000000000000000000e+01 1.653485063396256671e-02 1.653511385377840967e-02
1.100000000000000000e+01 1.653356885638353202e-02 1.653560465181846961e-02
1.200000000000000000e+01 1.653466160145010758e-02 1.653615643664652773e-02
1.300000000000000000e+01 1.653445422012060975e-02 1.653467070985361817e-02
1.400000000000000000e+01 1.653418968022896118e-02 1.653368488957093416e-02
1.500000000000000000e+01 1.653424987493906304e-02 1.653452682340120911e-02
1.600000000000000000e+01 1.653452259919727801e-02 1.653526394453973605e-02
1.700000000000000000e+01 1.653588014819914326e-02 1.653316293815497440e-02
1.800000000000000000e+01 1.653546102935672321e-02 1.653591988197035748e-02
1.900000000000000000e+01 1.653483096502517471e-02 1.653536941724984000e-02
2.000000000000000000e+01 1.653463348420300405e-02 1.653451705496264759e-02
2.100000000000000000e+01 1.653630903547962522e-02 1.653548320639279881e-02
2.200000000000000000e+01 1.653455956086269732e-02 1.653487479098015092e-02
2.300000000000000000e+01 1.653487386701026421e-02 1.653425779532043116e-02
2.400000000000000000e+01 1.653553574470937107e-02 1.653421000918296746e-02
2.500000000000000000e+01 1.653373795592064793e-02 1.653515305950972042e-02
2.600000000000000000e+01 1.653402467283529229e-02 1.653477301442269828e-02
2.700000000000000000e+01 1.653439046129370413e-02 1.653362759900211740e-02
2.800000000000000000e+01 1.653415298261128041e-02 1.653515081544038381e-02
2.900000000000000000e+01 1.653513141059789401e-02 1.653368290949025834e-02
3.000000000000000000e+01 1.653414004601413967e-02 1.653393438076804223e-02
3.100000000000000000e+01 1.653551515179399467e-02 1.653318234299703052e-02
3.200000000000000000e+01 1.653524057945716941e-02 1.653433937498085399e-02
3.300000000000000000e+01 1.653484812583571120e-02 1.653394111305731343e-02
3.400000000000000000e+01 1.653488878366722939e-02 1.653542287966767305e-02
3.500000000000000000e+01 1.653526500058644447e-02 1.653511160967225183e-02
3.600000000000000000e+01 1.653470014720663517e-02 1.653584556262656727e-02
3.700000000000000000e+01 1.653627352588760147e-02 1.653474542523091645e-02
3.800000000000000000e+01 1.653536083686627661e-02 1.653434901139550980e-02
3.900000000000000000e+01 1.653424182257475297e-02 1.653547119381125127e-02
4.000000000000000000e+01 1.653542129558363896e-02 1.653583830234316848e-02
4.100000000000000000e+01 1.653533113553952091e-02 1.653450900259212722e-02
4.200000000000000000e+01 1.653529536192317739e-02 1.653602218658453346e-02
4.300000000000000000e+01 1.653389095079177765e-02 1.653537456547473500e-02
4.400000000000000000e+01 1.653628606648394062e-02 1.653578219980286063e-02
4.500000000000000000e+01 1.653451296279329769e-02 1.653588767254846048e-02
4.600000000000000000e+01 1.653530552636731793e-02 1.653378191393053975e-02
4.700000000000000000e+01 1.653365241613896294e-02 1.653534605219658671e-02
4.800000000000000000e+01 1.653400262785159266e-02 1.653506897173482801e-02
4.900000000000000000e+01 1.653473803291315852e-02 1.653571949701417715e-02
5.000000000000000000e+01 1.653571606480102804e-02 1.653596898818321392e-02
5.100000000000000000e+01 1.653467519810035424e-02 1.653427825621447619e-02
5.200000000000000000e+01 1.653390850764096046e-02 1.653551765990281253e-02
5.300000000000000000e+01 1.653444313162469662e-02 1.653443217513894670e-02
5.400000000000000000e+01 1.653473275265034126e-02 1.653425409912890123e-02
5.500000000000000000e+01 1.653436828429474120e-02 1.653457724963896397e-02
5.600000000000000000e+01 1.653550921152298001e-02 1.653493142154563444e-02
5.700000000000000000e+01 1.653580767691878797e-02 1.653442438679872395e-02
5.800000000000000000e+01 1.653386943387325295e-02 1.653507359198543025e-02
5.900000000000000000e+01 1.653311330390010506e-02 1.653498910814922215e-02
6.000000000000000000e+01 1.653384488078516942e-02 1.653529298581798285e-02
6.100000000000000000e+01 1.653528757353237705e-02 1.653500006465700653e-02
6.200000000000000000e+01 1.653542947995317522e-02 1.653484152551888339e-02
6.300000000000000000e+01 1.653365703628371236e-02 1.653498884417173645e-02
6.400000000000000000e+01 1.653450741852509343e-02 1.653514342311336940e-02
6.500000000000000000e+01 1.653454213611159698e-02 1.653647562696394444e-02
6.600000000000000000e+01 1.653545535314615914e-02 1.653417080339623230e-02
6.700000000000000000e+01 1.653564055741278335e-02 1.653529839810098656e-02
6.800000000000000000e+01 1.653359076930718125e-02 1.653458701811155729e-02
6.900000000000000000e+01 1.653660433273110297e-02 1.653498831614739345e-02
7.000000000000000000e+01 1.653439732558956501e-02 1.653636157383944760e-02
7.100000000000000000e+01 1.653413106967960636e-02 1.653633556866378543e-02
7.200000000000000000e+01 1.653427271200101981e-02 1.653439613755790932e-02
7.300000000000000000e+01 1.653312610847088721e-02 1.653472813244446019e-02
7.400000000000000000e+01 1.653462793991994709e-02 1.653398797519391172e-02
7.500000000000000000e+01 1.653601756636055228e-02 1.653471123562230000e-02
7.600000000000000000e+01 1.653471123569462062e-02 1.653573929789765515e-02
7.700000000000000000e+01 1.653459955869857056e-02 1.653411509689835940e-02
7.800000000000000000e+01 1.653499702854849610e-02 1.653532413918947994e-02
7.900000000000000000e+01 1.653372713147261905e-02 1.653602971092837937e-02
8.000000000000000000e+01 1.653469460293032628e-02 1.653444801583123583e-02
8.100000000000000000e+01 1.653431350181834916e-02 1.653342562989308304e-02
8.200000000000000000e+01 1.653483136109049068e-02 1.653457804166851702e-02
8.300000000000000000e+01 1.653326788282576121e-02 1.653582034950581980e-02
8.400000000000000000e+01 1.653233077271811305e-02 1.653477539054674927e-02
8.500000000000000000e+01 1.653461949156963262e-02 1.653504362663176658e-02
8.600000000000000000e+01 1.653491835298591395e-02 1.653376580921435413e-02
8.700000000000000000e+01 1.653454675623198741e-02 1.653419931669412521e-02
8.800000000000000000e+01 1.653320478398745061e-02 1.653594245500226295e-02
8.900000000000000000e+01 1.653479941565286909e-02 1.653443270318062652e-02
9.000000000000000000e+01 1.653515728374379407e-02 1.653404869793913268e-02
9.100000000000000000e+01 1.653442861096908814e-02 1.653633622867498043e-02
9.200000000000000000e+01 1.653487083085622422e-02 1.653466107340438238e-02
9.300000000000000000e+01 1.653375181658114229e-02 1.653573150950888096e-02
9.400000000000000000e+01 1.653512692238475953e-02 1.653657278334186645e-02
9.500000000000000000e+01 1.653559435534062913e-02 1.653515609569380929e-02
9.600000000000000000e+01 1.653481288024203494e-02 1.653428366846868350e-02
9.700000000000000000e+01 1.653427614410393071e-02 1.653389570302144645e-02
9.800000000000000000e+01 1.653368013732636060e-02 1.653619419029048535e-02
9.900000000000000000e+01 1.653491901302424349e-02 1.653612581123984140e-02
1.000000000000000000e+02 1.653469024675254667e-02 1.653506395550067426e-02
