2.000000000000000000e+01 1.583461841068412035e-02 1.583026610957951469e-02
3.000000000000000000e+01 1.582921138230110325e-02 1.582245815757627252e-02
4.000000000000000000e+01 1.582364924699889222e-02 1.582119420092132148e-02
5.000000000000000000e+01 1.582200577328909605e-02 1.582283331840325311e-02
6.000000000000000000e+01 1.582309271003478138e-02 1.582542710268915881e-02
7.000000000000000000e+01 1.582502758677598043e-02 1.582472846136703457e-02
8.000000000000000000e+01 1.582627755080405832e-02 1.582749603140862910e-02
9.000000000000000000e+01 1.582704509921500913e-02 1.582772334559988739e-02
1.000000000000000000e+02 1.582816774354572908e-02 1.582764427404236007e-02
1.100000000000000000e+02 1.582607043349535531e-02 1.582755655610726397e-02
1.200000000000000000e+02 1.582768473386529998e-02 1.582800445220815949e-02
1.300000000000000000e+02 1.582807929958255852e-02 1.582855359683061486e-02
1.400000000000000000e+02 1.582818860048080048e-02 1.582832469855891683e-02
1.500000000000000000e+02 1.582749108120061823e-02 1.582830159753839672e-02
1.600000000000000000e+02 1.582952463233688184e-02 1.582818457427972308e-02
1.700000000000000000e+02 1.582816219928160836e-02 1.582821163548213395e-02
1.800000000000000000e+02 1.582864514293749747e-02 1.582933375179095686e-02
1.900000000000000000e+02 1.583017462949696738e-02 1.582870500759130453e-02
2.000000000000000000e+02 1.583017113134533790e-02 1.582889007990687449e-02
2.100000000000000000e+02 1.583066859565128784e-02 1.582980349485538923e-02
2.200000000000000000e+02 1.582927599920349801e-02 1.582988573454368469e-02
2.300000000000000000e+02 1.583102732170084057e-02 1.583041653034223534e-02
2.400000000000000000e+02 1.583064410852737594e-02 1.583087584492311878e-02
2.500000000000000000e+02 1.583061117306618082e-02 1.583052972540859721e-02
2.600000000000000000e+02 1.583033917487070355e-02 1.582984309664930977e-02
2.700000000000000000e+02 1.583023330610681609e-02 1.583189473259266275e-02
2.800000000000000000e+02 1.583029812101047207e-02 1.583082376857159954e-02
2.900000000000000000e+02 1.583112777822997738e-02 1.583199056888659126e-02
3.000000000000000000e+02 1.583122717867838786e-02 1.583202673851518902e-02
3.100000000000000000e+02 1.583103722215270515e-02 1.583221385691648692e-02
3.200000000000000000e+02 1.583103002785838861e-02 1.583129516174015816e-02
3.300000000000000000e+02 1.583121470411127593e-02 1.583074608312331349e-02
3.400000000000000000e+02 1.583180609062964650e-02 1.583311030909262743e-02
3.500000000000000000e+02 1.583240387943699382e-02 1.583162808064016158e-02
3.600000000000000000e+02 1.583190384099545864e-02 1.583322495622043607e-02
3.700000000000000000e+02 1.583231616150350060e-02 1.583186582330815481e-02
3.800000000000000000e+02 1.583267092739792589e-02 1.583167428270118235e-02
3.900000000000000000e+02 1.583132994528941434e-02 1.583216296864053269e-02
4.000000000000000000e+02 1.583149171853134515e-02 1.583286583412521834e-02
4.100000000000000000e+02 1.583354289249407076e-02 1.583291791045284350e-02
4.200000000000000000e+02 1.583296648863630543e-02 1.583319122870148477e-02
4.300000000000000000e+02 1.583355074684716229e-02 1.583359602483341844e-02
4.400000000000000000e+02 1.583334283751493266e-02 1.583421275648690466e-02
4.500000000000000000e+02 1.583279059076241058e-02 1.583246321607725479e-02
4.600000000000000000e+02 1.583382380106765699e-02 1.583390485272525086e-02
4.700000000000000000e+02 1.583269528249775862e-02 1.583328257680386222e-02
4.800000000000000000e+02 1.583421123844552109e-02 1.583401210750925991e-02
4.900000000000000000e+02 1.583334989983576149e-02 1.583383535158425920e-02
5.000000000000000000e+02 1.583374868969626356e-02 1.583420279004515291e-02
5.100000000000000000e+02 1.583397045964215002e-02 1.583430001239622548e-02
5.200000000000000000e+02 1.583223590191082733e-02 1.583411652419342355e-02
5.300000000000000000e+02 1.583409032102084044e-02 1.583388267570360469e-02
5.400000000000000000e+02 1.583509138791297857e-02 1.583505343617928884e-02
5.500000000000000000e+02 1.583476401319508856e-02 1.583451854821714064e-02
5.600000000000000000e+02 1.583473899807617824e-02 1.583518814822177864e-02
5.700000000000000000e+02 1.583462784911587526e-02 1.583557413352218099e-02
5.800000000000000000e+02 1.583470190441644762e-02 1.583557301148879118e-02
5.900000000000000000e+02 1.583535018549242154e-02 1.583493984510627936e-02
6.000000000000000000e+02 1.583622762882156906e-02 1.583587761513887901e-02
6.100000000000000000e+02 1.583519798267984599e-02 1.583561261322701669e-02
6.200000000000000000e+02 1.583574521320797387e-02 1.583627917714875225e-02
6.300000000000000000e+02 1.583634689619051530e-02 1.583586481055892364e-02
6.400000000000000000e+02 1.583624379956334594e-02 1.583680825686139756e-02
6.500000000000000000e+02 1.583544582377794871e-02 1.583657942458905482e-02
6.600000000000000000e+02 1.583617601452691481e-02 1.583644557059497859e-02
6.700000000000000000e+02 1.583641903738137319e-02 1.583673301347503573e-02
6.800000000000000000e+02 1.583709866988424961e-02 1.583699662929723487e-02
6.900000000000000000e+02 1.583721793721885179e-02 1.583633890982842282e-02
7.000000000000000000e+02 1.583702487857741384e-02 1.583706877054402717e-02
7.100000000000000000e+02 1.583740822375285379e-02 1.583758814783055302e-02
7.200000000000000000e+02 1.583824164312975721e-02 1.583835398016339782e-02
7.300000000000000000e+02 1.583745515183896876e-02 1.583732974621189504e-02
7.400000000000000000e+02 1.583868841713513206e-02 1.583775493730954498e-02
7.500000000000000000e+02 1.583776661980313902e-02 1.583884411810888154e-02
7.600000000000000000e+02 1.583916891868461518e-02 1.583932824981740262e-02
7.700000000000000000e+02 1.583921017053665364e-02 1.583822184225015459e-02
7.800000000000000000e+02 1.583902008202792491e-02 1.583810745911774440e-02
7.900000000000000000e+02 1.583847912176666178e-02 1.583919439582020042e-02
8.000000000000000000e+02 1.583972505963037944e-02 1.583830929612316252e-02
8.100000000000000000e+02 1.584044145572626600e-02 1.583871851447437099e-02
8.200000000000000000e+02 1.583861554988215750e-02 1.583929029812458297e-02
8.300000000000000000e+02 1.583950480771935745e-02 1.583959094157301808e-02
8.400000000000000000e+02 1.583908997913171732e-02 1.583930323466352028e-02
8.500000000000000000e+02 1.583959318567717406e-02 1.583890899903914184e-02
8.600000000000000000e+02 1.584013209983439405e-02 1.583934481655269871e-02
8.700000000000000000e+02 1.583978142611374221e-02 1.584070276144416978e-02
8.800000000000000000e+02 1.584029809729512253e-02 1.583983686861776055e-02
8.900000000000000000e+02 1.583961292057713827e-02 1.584084578986203959e-02
9.000000000000000000e+02 1.584055306672950414e-02 1.584174303409043374e-02
9.100000000000000000e+02 1.583859937915923013e-02 1.584053458590204549e-02
9.200000000000000000e+02 1.584086862685847238e-02 1.584099350448583965e-02
9.300000000000000000e+02 1.584025664743437742e-02 1.583997237269529207e-02
9.400000000000000000e+02 1.584141928954553927e-02 1.584074737943384076e-02
9.500000000000000000e+02 1.584130107824328892e-02 1.584126405058908574e-02
9.600000000000000000e+02 1.584119765162455770e-02 1.584051993323816118e-02
9.700000000000000000e+02 1.584214954627305438e-02 1.584072876662601798e-02
9.800000000000000000e+02 1.584265625101669364e-02 1.584092842555533120e-02
9.900000000000000000e+02 1.584179603445766416e-02 1.584107449011151747e-02
1.000000000000000000e+03 1.584220617684614640e-02 1.584172593929903186e-02
1.010000000000000000e+03 1.584112815051482229e-02 1.584115936991678519e-02
1.020000000000000000e+03 1.584155089946664985e-02 1.584243408504633355e-02
1.030000000000000000e+03 1.584217865359378169e-02 1.584240590176912156e-02
1.040000000000000000e+03 1.584259678237858252e-02 1.584155386959032116e-02
1.050000000000000000e+03 1.584223653818546060e-02 1.584204275348640584e-02
1.060000000000000000e+03 1.584274040476944118e-02 1.584214030589388075e-02
1.070000000000000000e+03 1.584288825140063237e-02 1.584215990874590294e-02
1.080000000000000000e+03 1.584299636426195895e-02 1.584242906883502264e-02
1.090000000000000000e+03 1.584275657549405122e-02 1.584224280847652128e-02
1.100000000000000000e+03 1.584299537420175846e-02 1.584295801657004468e-02
1.110000000000000000e+03 1.584284534948661796e-02 1.584284449146164744e-02
1.120000000000000000e+03 1.584271222151323669e-02 1.584261150104192967e-02
1.130000000000000000e+03 1.584369335550660576e-02 1.584354286875721066e-02
1.140000000000000000e+03 1.584257830150101118e-02 1.584238827899890623e-02
1.150000000000000000e+03 1.584318104054524556e-02 1.584406112398458952e-02
1.160000000000000000e+03 1.584420171029008936e-02 1.584254351794886842e-02
1.170000000000000000e+03 1.584380773864235703e-02 1.584496081032626957e-02
1.180000000000000000e+03 1.584346062907685329e-02 1.584430243079616024e-02
1.190000000000000000e+03 1.584402073016740256e-02 1.584393538835385251e-02
1.200000000000000000e+03 1.584470247473784149e-02 1.584458987368443997e-02
1.210000000000000000e+03 1.584480722142401002e-02 1.584430870108377229e-02
1.220000000000000000e+03 1.584494569563255073e-02 1.584469138623834095e-02
1.230000000000000000e+03 1.584332268287580447e-02 1.584373988759022606e-02
1.240000000000000000e+03 1.584380080832282350e-02 1.584355177915167459e-02
1.250000000000000000e+03 1.584509664441076035e-02 1.584488985712805692e-02
1.260000000000000000e+03 1.584487381840022843e-02 1.584473613624592242e-02
1.270000000000000000e+03 1.584385229064293188e-02 1.584509149617224777e-02
1.280000000000000000e+03 1.584473514620399898e-02 1.584431615944683833e-02
1.290000000000000000e+03 1.584441397581991262e-02 1.584415557423363152e-02
1.300000000000000000e+03 1.584417431906752841e-02 1.584510377274218201e-02
1.310000000000000000e+03 1.584477554001091984e-02 1.584469224429136194e-02
1.320000000000000000e+03 1.584496793865915534e-02 1.584433094406627329e-02
1.330000000000000000e+03 1.584476425351535878e-02 1.584521861787515501e-02
1.340000000000000000e+03 1.584557100766659232e-02 1.584512152750838093e-02
1.350000000000000000e+03 1.584489889955311911e-02 1.584538652941611808e-02
1.360000000000000000e+03 1.584574373742355519e-02 1.584575588195255222e-02
1.370000000000000000e+03 1.584501724283564339e-02 1.584531029599635030e-02
1.380000000000000000e+03 1.584515479301029303e-02 1.584501328265345080e-02
1.390000000000000000e+03 1.584549022003665583e-02 1.584552229750235686e-02
1.400000000000000000e+03 1.584568341071468378e-02 1.584598946642776923e-02
1.410000000000000000e+03 1.584597012755369766e-02 1.584591904127720385e-02
1.420000000000000000e+03 1.584556368134078241e-02 1.584579766182558566e-02
1.430000000000000000e+03 1.584653775301384654e-02 1.584553853422422318e-02
1.440000000000000000e+03 1.584410554397962939e-02 1.584530217761024803e-02
1.450000000000000000e+03 1.584557338377382690e-02 1.584627565525302192e-02
1.460000000000000000e+03 1.584538857551083188e-02 1.584631208887391646e-02
1.470000000000000000e+03 1.584499981806709173e-02 1.584600227098786548e-02
1.480000000000000000e+03 1.584561021343633067e-02 1.584601487755038160e-02
1.490000000000000000e+03 1.584593970018303641e-02 1.584606675589081415e-02
1.500000000000000000e+03 1.584632674155576210e-02 1.584585079422506579e-02
