2.000000000000000000e+00 1.654399745625633258e-02 1.653524216292287866e-02
3.000000000000000000e+00 1.654041943551164823e-02 1.653982474873853456e-02
4.000000000000000000e+00 1.653667970743142451e-02 1.654163587015828815e-02
5.000000000000000000e+00 1.653970594348450410e-02 1.654130519529873472e-02
6.000000000000000000e+00 1.653729749525102016e-02 1.653990791250896028e-02
7.000000000000000000e+00 1.654033495166724529e-02 1.654236124270154137e-02
8.000000000000000000e+00 1.653814761343701256e-02 1.654237246321357824e-02
9.000000000000000000e+00 1.653727043398140958e-02 1.654332224582550498e-02
1.000000000000000000e+01 1.653875352062863374e-02 1.654052042005495909e-02
1.100000000000000000e+01 1.653683415440881585e-02 1.654001879749236736e-02
1.200000000000000000e+01 1.654078773205586855e-02 1.654031911095263027e-02
1.300000000000000000e+01 1.653849940920153194e-02 1.654473866954852754e-02
1.400000000000000000e+01 1.653999437637398984e-02 1.653720773121441362e-02
1.500000000000000000e+01 1.653997391537527159e-02 1.653848950877306184e-02
1.600000000000000000e+01 1.654198436574935011e-02 1.653809085090799172e-02
1.700000000000000000e+01 1.654020426578202765e-02 1.654068740758600844e-02
1.800000000000000000e+01 1.654001813750819935e-02 1.654134545716195309e-02
1.900000000000000000e+01 1.654022604685968095e-02 1.653925778334378732e-02
2.000000000000000000e+01 1.654073822984196765e-02 1.654348593322927177e-02
2.100000000000000000e+01 1.654219953544794688e-02 1.653957789770584691e-02
2.200000000000000000e+01 1.653836014295469517e-02 1.653891720809751512e-02
2.300000000000000000e+01 1.654487925583180905e-02 1.654005443913390480e-02
2.400000000000000000e+01 1.654282326352651822e-02 1.654083789428570719e-02
2.500000000000000000e+01 1.654154478604006467e-02 1.654028874961431181e-02
2.600000000000000000e+01 1.654063196507440936e-02 1.653965248109338579e-02
2.700000000000000000e+01 1.653959175829739642e-02 1.654061546435106958e-02
2.800000000000000000e+01 1.654156722700840174e-02 1.653927032380143880e-02
2.900000000000000000e+01 1.654332224594552703e-02 1.654239292413600682e-02
3.000000000000000000e+01 1.654229655980486366e-02 1.654009602094190512e-02
3.100000000000000000e+01 1.653976006579311112e-02 1.654311037645921773e-02
3.200000000000000000e+01 1.654324766251052611e-02 1.654344369132248679e-02
3.300000000000000000e+01 1.654063196504648378e-02 1.654534325677948364e-02
3.400000000000000000e+01 1.654157976765939855e-02 1.654034023187389221e-02
3.500000000000000000e+01 1.654051975998594229e-02 1.654254011077203532e-02
3.600000000000000000e+01 1.654114018789009863e-02 1.654163389006727339e-02
3.700000000000000000e+01 1.654282458351013715e-02 1.654088277627207421e-02
3.800000000000000000e+01 1.654415718348839839e-02 1.653986237048901339e-02
3.900000000000000000e+01 1.654042009550156164e-02 1.654123391209855881e-02
4.000000000000000000e+01 1.654078377182080853e-02 1.653899575160085525e-02
4.100000000000000000e+01 1.653969868308474700e-02 1.653973828487596137e-02
4.200000000000000000e+01 1.654202264747033080e-02 1.654154478601953249e-02
4.300000000000000000e+01 1.654309453565660018e-02 1.654543896108498502e-02
4.400000000000000000e+01 1.653949671410315930e-02 1.654391099235082152e-02
4.500000000000000000e+01 1.654157844758092841e-02 1.654080555282297707e-02
4.600000000000000000e+01 1.653707572528211739e-02 1.654015278351612592e-02
4.700000000000000000e+01 1.654512478686744753e-02 1.653971914405711480e-02
4.800000000000000000e+01 1.654036861311577664e-02 1.654315591844869940e-02
4.900000000000000000e+01 1.654217907454338596e-02 1.654048477841520495e-02
5.000000000000000000e+01 1.654233286142556963e-02 1.654006169941329291e-02
5.100000000000000000e+01 1.654362915972577841e-02 1.654229325967410472e-02
5.200000000000000000e+01 1.653835024251575428e-02 1.654398623580560779e-02
5.300000000000000000e+01 1.653961683944040612e-02 1.654369252254105777e-02
5.400000000000000000e+01 1.653996335501696155e-02 1.654450237895612602e-02
5.500000000000000000e+01 1.654078245179414069e-02 1.654226883862704514e-02
5.600000000000000000e+01 1.653857069245667777e-02 1.654155930667323970e-02
5.700000000000000000e+01 1.654051513981978638e-02 1.654350177392839918e-02
5.800000000000000000e+01 1.653768823277700084e-02 1.654378030651086628e-02
5.900000000000000000e+01 1.654387073056850718e-02 1.654217841456166391e-02
6.000000000000000000e+01 1.654095273947338296e-02 1.654456838188989032e-02
6.100000000000000000e+01 1.654086627554131328e-02 1.654041349524112275e-02
6.200000000000000000e+01 1.654211373158779447e-02 1.653886308563021906e-02
6.300000000000000000e+01 1.654085637514515067e-02 1.653993629379073640e-02
6.400000000000000000e+01 1.654650160873679873e-02 1.654361133895632802e-02
6.500000000000000000e+01 1.654113160746467637e-02 1.654036597303101125e-02
6.600000000000000000e+01 1.653869345797283688e-02 1.654439941433198669e-02
6.700000000000000000e+01 1.654353213532775216e-02 1.653961353924330094e-02
6.800000000000000000e+01 1.654199162612341248e-02 1.654465022555928755e-02
6.900000000000000000e+01 1.654338032852369425e-02 1.654144182140633926e-02
7.000000000000000000e+01 1.654263779515914926e-02 1.654311037637140949e-02
7.100000000000000000e+01 1.654231834085541017e-02 1.654494063859983377e-02
7.200000000000000000e+01 1.654256255173422799e-02 1.654094019888231390e-02
7.300000000000000000e+01 1.654026828877848063e-02 1.654561716914858260e-02
7.400000000000000000e+01 1.654108738550126925e-02 1.653669290811996678e-02
7.500000000000000000e+01 1.654506076406660198e-02 1.654056728216155014e-02
7.600000000000000000e+01 1.654673129910365359e-02 1.654048411844255898e-02
7.700000000000000000e+01 1.654236586294442410e-02 1.654127549398531211e-02
7.800000000000000000e+01 1.653954885639377301e-02 1.654154280596932883e-02
7.900000000000000000e+01 1.654531883563391259e-02 1.654477827134358953e-02
8.000000000000000000e+01 1.654124447260238440e-02 1.654512214677594795e-02
8.100000000000000000e+01 1.654334468692719023e-02 1.654453472036342826e-02
8.200000000000000000e+01 1.654366810143584332e-02 1.654572607391424297e-02
8.300000000000000000e+01 1.654157382740123472e-02 1.654406213921691751e-02
8.400000000000000000e+01 1.654464890545937275e-02 1.654029204979165155e-02
8.500000000000000000e+01 1.654206158926995254e-02 1.654024056740792739e-02
8.600000000000000000e+01 1.654482645347721270e-02 1.654019700552003883e-02
8.700000000000000000e+01 1.654276122069840357e-02 1.654416642384148178e-02
8.800000000000000000e+01 1.654461590404874075e-02 1.653964456061883526e-02
8.900000000000000000e+01 1.654046497755106218e-02 1.654066958672731694e-02
9.000000000000000000e+01 1.654261469413319252e-02 1.654378228658202887e-02
9.100000000000000000e+01 1.654396511479179835e-02 1.654040161464334635e-02
9.200000000000000000e+01 1.654309387561605019e-02 1.654321994131293175e-02
9.300000000000000000e+01 1.653982870894650861e-02 1.654301797229815185e-02
9.400000000000000000e+01 1.654400867673423356e-02 1.654139891948164243e-02
9.500000000000000000e+01 1.654032043101913776e-02 1.654365688095028528e-02
9.600000000000000000e+01 1.654098178072642422e-02 1.654468388706348617e-02
9.700000000000000000e+01 1.654476045055127548e-02 1.654054088101589506e-02
9.800000000000000000e+01 1.654246948760972058e-02 1.654248202818917393e-02
9.900000000000000000e+01 1.654386743036884502e-02 1.654234342193881824e-02
1.000000000000000000e+02 1.654424694739975096e-02 1.653988349143455799e-02
1.010000000000000000e+02 1.654365820105399912e-02 1.654159692838698403e-02
1.020000000000000000e+02 1.654111114658629589e-02 1.654603232765136309e-02
1.030000000000000000e+02 1.653837664379186750e-02 1.654105306402028214e-02
1.040000000000000000e+02 1.654232956126591714e-02 1.654675242005829855e-02
1.050000000000000000e+02 1.654384630936211326e-02 1.654395719446561872e-02
1.060000000000000000e+02 1.653965182101462678e-02 1.654197050511111919e-02
1.070000000000000000e+02 1.654058048278148063e-02 1.654156458686329226e-02
1.080000000000000000e+02 1.654117978955837315e-02 1.653922082160465962e-02
1.090000000000000000e+02 1.654240546472450848e-02 1.654296979002246176e-02
1.100000000000000000e+02 1.654135865767945163e-02 1.654069004761489492e-02
1.110000000000000000e+02 1.654421856621078601e-02 1.654600394641798228e-02
1.120000000000000000e+02 1.654145634213320323e-02 1.654144644163385233e-02
1.130000000000000000e+02 1.654138307883083747e-02 1.654686330504263544e-02
1.140000000000000000e+02 1.654269983797223773e-02 1.654235002224619527e-02
1.150000000000000000e+02 1.654350705426626406e-02 1.654041085511424522e-02
1.160000000000000000e+02 1.654246552741413592e-02 1.654570891315670575e-02
1.170000000000000000e+02 1.653991319273979618e-02 1.654294470896246205e-02
1.180000000000000000e+02 1.654279092202832341e-02 1.654657751216821737e-02
1.190000000000000000e+02 1.654291170751097731e-02 1.654469114743465502e-02
1.200000000000000000e+02 1.654339154900925229e-02 1.654067222676630991e-02
1.210000000000000000e+02 1.654139429927590360e-02 1.654568713219261439e-02
1.220000000000000000e+02 1.654421130583862143e-02 1.654257311225449181e-02
1.230000000000000000e+02 1.654512478693221864e-02 1.654460336348821670e-02
1.240000000000000000e+02 1.654520069029723900e-02 1.654251700974006256e-02
1.250000000000000000e+02 1.654335392732295476e-02 1.654330178501708590e-02
1.260000000000000000e+02 1.654380406753350879e-02 1.654149330374131768e-02
1.270000000000000000e+02 1.654331828567735113e-02 1.654293612857280632e-02
1.280000000000000000e+02 1.654415718344154351e-02 1.654419084495548781e-02
1.290000000000000000e+02 1.654242724569829348e-02 1.654690620697048600e-02
1.300000000000000000e+02 1.654334732700581817e-02 1.654332554604904040e-02
1.310000000000000000e+02 1.654427202862586085e-02 1.654285362486352176e-02
1.320000000000000000e+02 1.654830876994863031e-02 1.654333148632830888e-02
1.330000000000000000e+02 1.654462184429458110e-02 1.654590494197316977e-02
1.340000000000000000e+02 1.654636234242602352e-02 1.653999173631347588e-02
1.350000000000000000e+02 1.654528517405003812e-02 1.654033231157099951e-02
1.360000000000000000e+02 1.654748109273918022e-02 1.653965710123924890e-02
1.370000000000000000e+02 1.654667981677897942e-02 1.654244638656460903e-02
1.380000000000000000e+02 1.653950397431074026e-02 1.654612341179638804e-02
1.390000000000000000e+02 1.654198238576321672e-02 1.654360473860913214e-02
1.400000000000000000e+02 1.654327274369198422e-02 1.654587062041912998e-02
1.410000000000000000e+02 1.654493931863906461e-02 1.654401395699988189e-02
1.420000000000000000e+02 1.653946635266485485e-02 1.654408326011579458e-02
1.430000000000000000e+02 1.654489113643140344e-02 1.654246354728678911e-02
1.440000000000000000e+02 1.654219425518230549e-02 1.654171837385685906e-02
1.450000000000000000e+02 1.654115866867385612e-02 1.654265297577793212e-02
1.460000000000000000e+02 1.654221141602837605e-02 1.654037455345176363e-02
1.470000000000000000e+02 1.654663031448585717e-02 1.654299091102810759e-02
1.480000000000000000e+02 1.654385026958069341e-02 1.654225695804468696e-02
1.490000000000000000e+02 1.654419018489582116e-02 1.654036597312590409e-02
1.500000000000000000e+02 1.654511884669083999e-02 1.654551288440003418e-02
1.510000000000000000e+02 1.653944589170610810e-02 1.654523369179383696e-02
1.520000000000000000e+02 1.654080555281998641e-02 1.654303117279175978e-02
1.530000000000000000e+02 1.654546206212187051e-02 1.654265957612181814e-02
1.540000000000000000e+02 1.654153752572205816e-02 1.654331366554429375e-02
1.550000000000000000e+02 1.654418160455396400e-02 1.654414332281575750e-02
1.560000000000000000e+02 1.654520135031077241e-02 1.654478421158664739e-02
1.570000000000000000e+02 1.654252955024022517e-02 1.654594916395546456e-02
1.580000000000000000e+02 1.654319024002983557e-02 1.654085967525138409e-02
1.590000000000000000e+02 1.654281864325853404e-02 1.654076397090852024e-02
1.600000000000000000e+02 1.654717417902060519e-02 1.654517494913188003e-02
1.610000000000000000e+02 1.654422384644617383e-02 1.654490499700122727e-02
1.620000000000000000e+02 1.654495581930537362e-02 1.654408854032432541e-02
1.630000000000000000e+02 1.654599734617032483e-02 1.654461128380787377e-02
1.640000000000000000e+02 1.654062470471680257e-02 1.654380142747126012e-02
1.650000000000000000e+02 1.654267805694878413e-02 1.654255727157996625e-02
1.660000000000000000e+02 1.654456112161506801e-02 1.654397567529637333e-02
1.670000000000000000e+02 1.654348329307595011e-02 1.654194476399310082e-02
1.680000000000000000e+02 1.654696428955040877e-02 1.654259093305324169e-02
1.690000000000000000e+02 1.654552608498847596e-02 1.654546866233730373e-02
1.700000000000000000e+02 1.654464890552425141e-02 1.654144908174196363e-02
1.710000000000000000e+02 1.654345029173468623e-02 1.654497364015865973e-02
1.720000000000000000e+02 1.654582639845175382e-02 1.654244374642912380e-02
1.730000000000000000e+02 1.654361265892447322e-02 1.654468190701860464e-02
1.740000000000000000e+02 1.654205036877954074e-02 1.654524161212219888e-02
1.750000000000000000e+02 1.654526405321381580e-02 1.654266485643487994e-02
1.760000000000000000e+02 1.654227543889653929e-02 1.654519144983841381e-02
1.770000000000000000e+02 1.654528979434265884e-02 1.654548582310794158e-02
1.780000000000000000e+02 1.654220877587357988e-02 1.654544820139918979e-02
1.790000000000000000e+02 1.654478421154459769e-02 1.654547724272033976e-02
1.800000000000000000e+02 1.654367404172868428e-02 1.654602770744700163e-02
1.810000000000000000e+02 1.654203914824720414e-02 1.654336184764690354e-02
1.820000000000000000e+02 1.654323380192847248e-02 1.654471226836334852e-02
1.830000000000000000e+02 1.654310839630790744e-02 1.654489839670518492e-02
1.840000000000000000e+02 1.654413408246816625e-02 1.654487661572522084e-02
1.850000000000000000e+02 1.654823220652221899e-02 1.654523699201050982e-02
1.860000000000000000e+02 1.654677222100282147e-02 1.654674977987637477e-02
1.870000000000000000e+02 1.654302985274686694e-02 1.654390769225555849e-02
1.880000000000000000e+02 1.654317769940591085e-02 1.654702237214518076e-02
1.890000000000000000e+02 1.654169395275683144e-02 1.654358229755607812e-02
1.900000000000000000e+02 1.654170649335010360e-02 1.654241602515689469e-02
1.910000000000000000e+02 1.654398491569453872e-02 1.654107880515011744e-02
1.920000000000000000e+02 1.654698211035635080e-02 1.654440205442105419e-02
1.930000000000000000e+02 1.654402055725122042e-02 1.654250380915653698e-02
1.940000000000000000e+02 1.654551882454009457e-02 1.654724216204463139e-02
1.950000000000000000e+02 1.654593332320297011e-02 1.654316515884806174e-02
1.960000000000000000e+02 1.654372090382563373e-02 1.654302985282913793e-02
1.970000000000000000e+02 1.654381462806744918e-02 1.654430106988732246e-02
1.980000000000000000e+02 1.654439413405972212e-02 1.654505086355528842e-02
1.990000000000000000e+02 1.654409250052770938e-02 1.654478157154167309e-02
2.000000000000000000e+02 1.654315063818680154e-02 1.654653857037230447e-02
