1.000000000000000000e+01 1.665413838803524171e-02 1.664918017916804105e-02
1.100000000000000000e+01 1.665011689328428635e-02 1.664976074126109026e-02
1.200000000000000000e+01 1.665002000090137074e-02 1.665002759126479187e-02
1.300000000000000000e+01 1.665127148316664779e-02 1.664974846469374076e-02
1.400000000000000000e+01 1.664916796864728335e-02 1.664957923310886323e-02
1.500000000000000000e+01 1.664973407606321759e-02 1.665052716771049310e-02
1.600000000000000000e+01 1.664971011699567169e-02 1.665158644933606089e-02
1.700000000000000000e+01 1.664963533561706135e-02 1.665087685142458210e-02
1.800000000000000000e+01 1.665103723863213883e-02 1.664952352659253287e-02
1.900000000000000000e+01 1.665043641362503810e-02 1.665012124949242361e-02
2.000000000000000000e+01 1.665060986944787158e-02 1.665072788273526047e-02
2.100000000000000000e+01 1.664978747247508259e-02 1.665098239017367976e-02
2.200000000000000000e+01 1.665093249194020061e-02 1.665089559629139362e-02
2.300000000000000000e+01 1.665017629594309906e-02 1.664977506391767184e-02
2.400000000000000000e+01 1.665037034464192725e-02 1.665131359305053668e-02
2.500000000000000000e+01 1.665068253868117257e-02 1.665043027536230666e-02
2.600000000000000000e+01 1.665145272729005171e-02 1.665039258766089908e-02
2.700000000000000000e+01 1.664971790533536014e-02 1.665003452156689837e-02
2.800000000000000000e+01 1.665173693608391556e-02 1.665052558364777877e-02
2.900000000000000000e+01 1.665073666112785317e-02 1.665082563312297870e-02
3.000000000000000000e+01 1.665085685254399234e-02 1.665134342640355730e-02
3.100000000000000000e+01 1.665158638331975735e-02 1.665035912415970334e-02
3.200000000000000000e+01 1.665143668860584805e-02 1.665104806310696225e-02
3.300000000000000000e+01 1.665123854770062667e-02 1.665088483780142667e-02
3.400000000000000000e+01 1.665140348912090215e-02 1.665141781174693872e-02
3.500000000000000000e+01 1.665153087483696101e-02 1.665176881552692806e-02
3.600000000000000000e+01 1.665042539114594197e-02 1.665130402259794307e-02
3.700000000000000000e+01 1.665164981218679105e-02 1.665115393188056764e-02
3.800000000000000000e+01 1.665158394120560062e-02 1.665236587833382464e-02
3.900000000000000000e+01 1.665133293193576600e-02 1.665103552255861249e-02
4.000000000000000000e+01 1.665113096283297317e-02 1.665203111132139771e-02
4.100000000000000000e+01 1.665153523105098940e-02 1.665168763188100767e-02
4.200000000000000000e+01 1.665149549724043165e-02 1.665154031322730460e-02
4.300000000000000000e+01 1.665082530311074588e-02 1.665250547465279077e-02
4.400000000000000000e+01 1.665189045898636880e-02 1.665169033798506379e-02
4.500000000000000000e+01 1.665126613692105920e-02 1.665158605331053254e-02
4.600000000000000000e+01 1.665203955967166013e-02 1.665174802458611880e-02
4.700000000000000000e+01 1.665093757415057885e-02 1.665225202322893894e-02
4.800000000000000000e+01 1.665224964711919595e-02 1.665217783593093970e-02
4.900000000000000000e+01 1.665210298855020893e-02 1.665272394446637091e-02
5.000000000000000000e+01 1.665174908064627826e-02 1.665214958664859232e-02
5.100000000000000000e+01 1.665093440600941971e-02 1.665306214364187590e-02
5.200000000000000000e+01 1.665190075543394529e-02 1.665239557969588197e-02
5.300000000000000000e+01 1.665295152266717260e-02 1.665192986274707798e-02
5.400000000000000000e+01 1.665308603671873319e-02 1.665160743825289807e-02
5.500000000000000000e+01 1.665177290770236684e-02 1.665180683323318894e-02
5.600000000000000000e+01 1.665191091991958389e-02 1.665175482288798817e-02
5.700000000000000000e+01 1.665178822041407311e-02 1.665311818015778253e-02
5.800000000000000000e+01 1.665200853829276739e-02 1.665179996893384820e-02
5.900000000000000000e+01 1.665248375966680086e-02 1.665177614185766458e-02
6.000000000000000000e+01 1.664937944212865201e-02 1.665156612039630016e-02
6.100000000000000000e+01 1.665071725624861845e-02 1.665298327011235924e-02
6.200000000000000000e+01 1.665197190665264337e-02 1.665286743490293833e-02
6.300000000000000000e+01 1.665128554180092535e-02 1.665193666106088224e-02
6.400000000000000000e+01 1.665300538110447287e-02 1.665229433113966581e-02
6.500000000000000000e+01 1.665166948104191205e-02 1.665152480255964115e-02
6.600000000000000000e+01 1.665255682494047595e-02 1.665241406051606518e-02
6.700000000000000000e+01 1.665145457540595161e-02 1.665227123009582408e-02
6.800000000000000000e+01 1.665145820556044459e-02 1.665167020709638901e-02
6.900000000000000000e+01 1.665158552528189437e-02 1.665147926050145402e-02
7.000000000000000000e+01 1.665214556043968785e-02 1.665257266565986841e-02
7.100000000000000000e+01 1.665207473926844095e-02 1.665218001398998185e-02
7.200000000000000000e+01 1.665183455448809510e-02 1.665320860421262011e-02
7.300000000000000000e+01 1.665328206553526660e-02 1.665290822472407367e-02
7.400000000000000000e+01 1.665302042976769467e-02 1.665273430692041159e-02
7.500000000000000000e+01 1.665238574525289977e-02 1.665241049638496035e-02
7.600000000000000000e+01 1.665318807732873649e-02 1.665257134559976204e-02
7.700000000000000000e+01 1.665110442966096990e-02 1.665195764999271785e-02
7.800000000000000000e+01 1.665206021860642441e-02 1.665229624521740934e-02
7.900000000000000000e+01 1.665189468318657023e-02 1.665215869505723076e-02
8.000000000000000000e+01 1.665253583598046497e-02 1.665333163374314168e-02
8.100000000000000000e+01 1.665304148471226375e-02 1.665151133793221425e-02
8.200000000000000000e+01 1.665163007730140546e-02 1.665253504395562342e-02
8.300000000000000000e+01 1.665249709223862867e-02 1.665371181085350399e-02
8.400000000000000000e+01 1.665185230924946802e-02 1.665290221847676166e-02
8.500000000000000000e+01 1.665077250075744364e-02 1.665301019932883750e-02
8.600000000000000000e+01 1.665297290762769375e-02 1.665252897168057258e-02
8.700000000000000000e+01 1.665212476950192130e-02 1.665336813340726266e-02
8.800000000000000000e+01 1.665293053373625640e-02 1.665223030826221834e-02
8.900000000000000000e+01 1.665358449114569955e-02 1.665270559563116273e-02
9.000000000000000000e+01 1.665279898983511309e-02 1.665306445374447816e-02
9.100000000000000000e+01 1.665311679412435908e-02 1.665281007833686530e-02
9.200000000000000000e+01 1.665270843372620990e-02 1.665259411660495112e-02
9.300000000000000000e+01 1.665260045289142232e-02 1.665189138303388786e-02
9.400000000000000000e+01 1.665280724019126482e-02 1.665230852177700116e-02
9.500000000000000000e+01 1.665312484649581967e-02 1.665262091383685333e-02
9.600000000000000000e+01 1.665228099855604188e-02 1.665241392852361002e-02
9.700000000000000000e+01 1.665216569136805658e-02 1.665348113048465903e-02
9.800000000000000000e+01 1.665237604282312003e-02 1.665382612796281400e-02
9.900000000000000000e+01 1.665325427829157656e-02 1.665296274319810060e-02
1.000000000000000000e+02 1.665240099194865639e-02 1.665244356385155514e-02
1.010000000000000000e+02 1.665291244891482086e-02 1.665377966189395681e-02
1.020000000000000000e+02 1.665349459508080887e-02 1.665351967624056212e-02
1.030000000000000000e+02 1.665339935280793146e-02 1.665288895186716953e-02
1.040000000000000000e+02 1.665273602298142711e-02 1.665347327611093470e-02
1.050000000000000000e+02 1.665415607680863566e-02 1.665388058042996042e-02
1.060000000000000000e+02 1.665333341585109247e-02 1.665292175533855668e-02
1.070000000000000000e+02 1.665286103261680653e-02 1.665265114316931763e-02
1.080000000000000000e+02 1.665252758560077997e-02 1.665328305558118685e-02
1.090000000000000000e+02 1.665324048367398946e-02 1.665312115030613896e-02
1.100000000000000000e+02 1.665320484206360072e-02 1.665403159520987761e-02
1.110000000000000000e+02 1.665265391530152544e-02 1.665386744584510664e-02
1.120000000000000000e+02 1.665298346812925726e-02 1.665300802122025164e-02
1.130000000000000000e+02 1.665332377940962824e-02 1.665229697126635600e-02
1.140000000000000000e+02 1.665299686673539850e-02 1.665290551861641627e-02
1.150000000000000000e+02 1.665371709109557397e-02 1.665296815543984912e-02
1.160000000000000000e+02 1.665241524857739158e-02 1.665301600758643114e-02
1.170000000000000000e+02 1.665315256772511091e-02 1.665248342965223310e-02
1.180000000000000000e+02 1.665409832425486514e-02 1.665280585413777409e-02
1.190000000000000000e+02 1.665308927086700530e-02 1.665434326122348929e-02
1.200000000000000000e+02 1.665353122674286673e-02 1.665433844302795230e-02
1.210000000000000000e+02 1.665382302584342625e-02 1.665326054857380750e-02
1.220000000000000000e+02 1.665319784576769699e-02 1.665351366996886684e-02
1.230000000000000000e+02 1.665410987473356710e-02 1.665364811798719646e-02
1.240000000000000000e+02 1.665319777975800275e-02 1.665340172892174064e-02
1.250000000000000000e+02 1.665334080818923687e-02 1.665400697610707609e-02
1.260000000000000000e+02 1.665394730942078294e-02 1.665349327502304438e-02
1.270000000000000000e+02 1.665346027353215366e-02 1.665352640851999397e-02
1.280000000000000000e+02 1.665359373155540085e-02 1.665257391968515480e-02
1.290000000000000000e+02 1.665418155397908884e-02 1.665252699162367289e-02
1.300000000000000000e+02 1.665337064153128710e-02 1.665458271999763207e-02
1.310000000000000000e+02 1.665274493338024867e-02 1.665329625615133077e-02
1.320000000000000000e+02 1.665282605100895652e-02 1.665311699212068675e-02
1.330000000000000000e+02 1.665353413085751688e-02 1.665513938902655339e-02
1.340000000000000000e+02 1.665352119430134337e-02 1.665437487665359304e-02
1.350000000000000000e+02 1.665401615052387874e-02 1.665421580948422964e-02
1.360000000000000000e+02 1.665402631499963981e-02 1.665292452746893262e-02
1.370000000000000000e+02 1.665398757121864040e-02 1.665315131363321460e-02
1.380000000000000000e+02 1.665463248623889544e-02 1.665398268704273640e-02
1.390000000000000000e+02 1.665466383764714967e-02 1.665327843537220756e-02
1.400000000000000000e+02 1.665306036156461236e-02 1.665475736385513966e-02
1.410000000000000000e+02 1.665354964157040804e-02 1.665415541677114919e-02
1.420000000000000000e+02 1.665375411877121486e-02 1.665395998200641658e-02
1.430000000000000000e+02 1.665476323809175416e-02 1.665331915920147815e-02
1.440000000000000000e+02 1.665519872566662007e-02 1.665404783197541733e-02
1.450000000000000000e+02 1.665363702947901189e-02 1.665473901502052476e-02
1.460000000000000000e+02 1.665412690349835773e-02 1.665351129384079129e-02
1.470000000000000000e+02 1.665404948203104071e-02 1.665472093021340763e-02
1.480000000000000000e+02 1.665507120795104573e-02 1.665401997871558334e-02
1.490000000000000000e+02 1.665384474083379113e-02 1.665380454500378291e-02
1.500000000000000000e+02 1.665313725502755998e-02 1.665442101272642667e-02
1.510000000000000000e+02 1.665371464898251705e-02 1.665397311659378224e-02
1.520000000000000000e+02 1.665421118927992369e-02 1.665373484588623942e-02
1.530000000000000000e+02 1.665393272280219633e-02 1.665360349997786760e-02
1.540000000000000000e+02 1.665359234547975076e-02 1.665392387836716129e-02
1.550000000000000000e+02 1.665521832855216752e-02 1.665430570553724787e-02
1.560000000000000000e+02 1.665504724885075172e-02 1.665432035819764539e-02
1.570000000000000000e+02 1.665319078343017664e-02 1.665361016631090180e-02
1.580000000000000000e+02 1.665449526607276284e-02 1.665476706628000320e-02
1.590000000000000000e+02 1.665490738860447503e-02 1.665347961241756686e-02
1.600000000000000000e+02 1.665460846116722030e-02 1.665443817351477257e-02
1.610000000000000000e+02 1.665346363969230289e-02 1.665379180646806012e-02
1.620000000000000000e+02 1.665384328873544331e-02 1.665393226074834976e-02
1.630000000000000000e+02 1.665462291579214438e-02 1.665451632099391663e-02
1.640000000000000000e+02 1.665524123159718706e-02 1.665488725769011594e-02
1.650000000000000000e+02 1.665471908212218591e-02 1.665449652011870632e-02
1.660000000000000000e+02 1.665481557843994861e-02 1.665389345103412619e-02
1.670000000000000000e+02 1.665498976027877248e-02 1.665430834567341312e-02
1.680000000000000000e+02 1.665374210618563930e-02 1.665546900783567569e-02
1.690000000000000000e+02 1.665399978179904830e-02 1.665542207972187799e-02
1.700000000000000000e+02 1.665466040549596141e-02 1.665472964262268776e-02
1.710000000000000000e+02 1.665412710151282366e-02 1.665511694802140896e-02
1.720000000000000000e+02 1.665396367817241138e-02 1.665471697003452489e-02
1.730000000000000000e+02 1.665430405545948941e-02 1.665413462586836160e-02
1.740000000000000000e+02 1.665467334205167002e-02 1.665374124817430371e-02
1.750000000000000000e+02 1.665467281403420693e-02 1.665448246148197239e-02
1.760000000000000000e+02 1.665366131856412663e-02 1.665401846063334357e-02
1.770000000000000000e+02 1.665588812666634472e-02 1.665483504933346418e-02
1.780000000000000000e+02 1.665483326726188013e-02 1.665452146924975563e-02
1.790000000000000000e+02 1.665372718953455136e-02 1.665422518192781823e-02
1.800000000000000000e+02 1.665333506590897447e-02 1.665450239435155647e-02
1.810000000000000000e+02 1.665381517148907184e-02 1.665454529631737318e-02
1.820000000000000000e+02 1.665430280141339328e-02 1.665408657570675507e-02
1.830000000000000000e+02 1.665415865091899802e-02 1.665507972235384312e-02
1.840000000000000000e+02 1.665472733249878656e-02 1.665431355988416726e-02
1.850000000000000000e+02 1.665436900239027074e-02 1.665539152035731135e-02
1.860000000000000000e+02 1.665456133503927585e-02 1.665388434258801773e-02
1.870000000000000000e+02 1.665568120737345031e-02 1.665473769496922732e-02
1.880000000000000000e+02 1.665441045226700653e-02 1.665575810080458657e-02
1.890000000000000000e+02 1.665544399271513126e-02 1.665576793527080712e-02
1.900000000000000000e+02 1.665445368421325512e-02 1.665513945501988571e-02
1.910000000000000000e+02 1.665438193895478827e-02 1.665453275575105169e-02
1.920000000000000000e+02 1.665507926030595706e-02 1.665535587878370569e-02
1.930000000000000000e+02 1.665348330859326917e-02 1.665496217103997964e-02
1.940000000000000000e+02 1.665500177282431063e-02 1.665493260172630843e-02
1.950000000000000000e+02 1.665439216941724809e-02 1.665544049456118419e-02
1.960000000000000000e+02 1.665478548109145668e-02 1.665444728190849585e-02
1.970000000000000000e+02 1.665425250712816718e-02 1.665414030211919902e-02
1.980000000000000000e+02 1.665443744745223609e-02 1.665463948255527238e-02
1.990000000000000000e+02 1.665469624508925106e-02 1.665439652561451905e-02
2.000000000000000000e+02 1.665516440414058566e-02 1.665504685286421649e-02
2.010000000000000000e+02 1.665465816137361860e-02 1.665527641119490809e-02
2.020000000000000000e+02 1.665408875380453360e-02 1.665468033838236883e-02
2.030000000000000000e+02 1.665411647503945575e-02 1.665495253463087841e-02
2.040000000000000000e+02 1.665591987411402936e-02 1.665424775493952805e-02
2.050000000000000000e+02 1.665434504332088950e-02 1.665663198011784613e-02
2.060000000000000000e+02 1.665488362749433307e-02 1.665533040158391834e-02
2.070000000000000000e+02 1.665549230686172097e-02 1.665491656300051651e-02
2.080000000000000000e+02 1.665455473470920170e-02 1.665502355379125388e-02
2.090000000000000000e+02 1.665546009742280981e-02 1.665514849741490250e-02
2.100000000000000000e+02 1.665534762839221417e-02 1.665457578968599153e-02
2.110000000000000000e+02 1.665452952161612654e-02 1.665412254730233230e-02
2.120000000000000000e+02 1.665484706187014829e-02 1.665500659104869954e-02
2.130000000000000000e+02 1.665422201377365907e-02 1.665408769773889242e-02
2.140000000000000000e+02 1.665547032789969212e-02 1.665494567030905218e-02
2.150000000000000000e+02 1.665448411154769187e-02 1.665476092798324689e-02
2.160000000000000000e+02 1.665431804808002042e-02 1.665506256155983855e-02
2.170000000000000000e+02 1.665424755692436129e-02 1.665531403287645248e-02
2.180000000000000000e+02 1.665608243941325839e-02 1.665548570658213767e-02
2.190000000000000000e+02 1.665429976526636852e-02 1.665550088729011308e-02
2.200000000000000000e+02 1.665422881208214120e-02 1.665466931589781527e-02
2.210000000000000000e+02 1.665435778188308763e-02 1.665554332718912831e-02
2.220000000000000000e+02 1.665455110458502475e-02 1.665485128606603721e-02
2.230000000000000000e+02 1.665620025469804338e-02 1.665503305823557226e-02
2.240000000000000000e+02 1.665603861344230538e-02 1.665484719389334622e-02
2.250000000000000000e+02 1.665583585230307612e-02 1.665505767734535778e-02
2.260000000000000000e+02 1.665482805301130714e-02 1.665481056223918829e-02
2.270000000000000000e+02 1.665539251040581981e-02 1.665551388984416736e-02
2.280000000000000000e+02 1.665481914263037058e-02 1.665571962109151788e-02
2.290000000000000000e+02 1.665546564168349578e-02 1.665651192069494968e-02
2.300000000000000000e+02 1.665481524845313643e-02 1.665596191799900705e-02
2.310000000000000000e+02 1.665574839839079405e-02 1.665548960073494691e-02
2.320000000000000000e+02 1.665509582704709918e-02 1.665520486395128189e-02
2.330000000000000000e+02 1.665470211937770256e-02 1.665530116228131075e-02
2.340000000000000000e+02 1.665563051706979436e-02 1.665568193341953121e-02
2.350000000000000000e+02 1.665633899292181391e-02 1.665424056061142952e-02
2.360000000000000000e+02 1.665542683192481124e-02 1.665566681872571869e-02
2.370000000000000000e+02 1.665543250817679011e-02 1.665449084389062501e-02
2.380000000000000000e+02 1.665478686717796267e-02 1.665550504546771393e-02
2.390000000000000000e+02 1.665518631712890885e-02 1.665473564888540411e-02
2.400000000000000000e+02 1.665531924710683676e-02 1.665523126512764157e-02
2.410000000000000000e+02 1.665520677803935395e-02 1.665657317146105806e-02
2.420000000000000000e+02 1.665544405870706193e-02 1.665561322430867200e-02
2.430000000000000000e+02 1.665535383266216612e-02 1.665537627368426574e-02
2.440000000000000000e+02 1.665536531715395424e-02 1.665579902266826895e-02
2.450000000000000000e+02 1.665576542715018968e-02 1.665607735716460522e-02
2.460000000000000000e+02 1.665613682586550293e-02 1.665583697436620603e-02
2.470000000000000000e+02 1.665601736047116546e-02 1.665547877629348569e-02
2.480000000000000000e+02 1.665599208134967493e-02 1.665539548054024641e-02
2.490000000000000000e+02 1.665508038237764263e-02 1.665608969973025530e-02
2.500000000000000000e+02 1.665520354388804955e-02 1.665564873391848708e-02
2.510000000000000000e+02 1.665544874493940508e-02 1.665577737368248781e-02
2.520000000000000000e+02 1.665619642654042262e-02 1.665550517748207518e-02
2.530000000000000000e+02 1.665607557509955414e-02 1.665536010292913496e-02
2.540000000000000000e+02 1.665599696554089307e-02 1.665540366487434920e-02
2.550000000000000000e+02 1.665481762454395706e-02 1.665608897370678132e-02
2.560000000000000000e+02 1.665466568573355580e-02 1.665568741165263100e-02
2.570000000000000000e+02 1.665555883787685904e-02 1.665653244761983870e-02
2.580000000000000000e+02 1.665611623291700372e-02 1.665540907712703689e-02
2.590000000000000000e+02 1.665628051429750983e-02 1.665541871357589798e-02
2.600000000000000000e+02 1.665574740834138007e-02 1.665599795560547894e-02
2.610000000000000000e+02 1.665524380570233484e-02 1.665654406413274655e-02
2.620000000000000000e+02 1.665511272383248670e-02 1.665660175071905988e-02
2.630000000000000000e+02 1.665676246797549720e-02 1.665625206702687697e-02
2.640000000000000000e+02 1.665535205058795917e-02 1.665589947919530328e-02
2.650000000000000000e+02 1.665582958203883426e-02 1.665586159347791709e-02
2.660000000000000000e+02 1.665631978608015859e-02 1.665548491452041591e-02
2.670000000000000000e+02 1.665574569226348917e-02 1.665609821410194563e-02
2.680000000000000000e+02 1.665518215893522017e-02 1.665575790283169155e-02
2.690000000000000000e+02 1.665499391848130825e-02 1.665562035263428581e-02
2.700000000000000000e+02 1.665538723015529132e-02 1.665578384198247372e-02
2.710000000000000000e+02 1.665572212921320044e-02 1.665675830978319630e-02
2.720000000000000000e+02 1.665626077942280320e-02 1.665632486829918962e-02
2.730000000000000000e+02 1.665552761845867646e-02 1.665678649305187692e-02
2.740000000000000000e+02 1.665523416927607719e-02 1.665616197296536719e-02
2.750000000000000000e+02 1.665673336066313126e-02 1.665563276119427782e-02
2.760000000000000000e+02 1.665672207414491818e-02 1.665677613058574522e-02
2.770000000000000000e+02 1.665457347957967349e-02 1.665597333651572948e-02
2.780000000000000000e+02 1.665555421765393951e-02 1.665581453335724174e-02
2.790000000000000000e+02 1.665652861944002042e-02 1.665653383368690191e-02
2.800000000000000000e+02 1.665575645076553327e-02 1.665581321329707293e-02
2.810000000000000000e+02 1.665594970742399414e-02 1.665570378038040353e-02
2.820000000000000000e+02 1.665660623895760112e-02 1.665547501410422418e-02
2.830000000000000000e+02 1.665580496296146379e-02 1.665547666416961406e-02
2.840000000000000000e+02 1.665544465274080774e-02 1.665540604100847893e-02
2.850000000000000000e+02 1.665640149778038412e-02 1.665524631382210227e-02
2.860000000000000000e+02 1.665603584129237216e-02 1.665583539027931659e-02
2.870000000000000000e+02 1.665612151316311906e-02 1.665599267534975669e-02
2.880000000000000000e+02 1.665584027452528607e-02 1.665643225512599898e-02
2.890000000000000000e+02 1.665631014965412993e-02 1.665702410373198425e-02
2.900000000000000000e+02 1.665554827739066865e-02 1.665676755019778604e-02
2.910000000000000000e+02 1.665589221884805279e-02 1.665629180081937277e-02
2.920000000000000000e+02 1.665609663003986621e-02 1.665580318085777001e-02
2.930000000000000000e+02 1.665596429410192564e-02 1.665528987576246275e-02
2.940000000000000000e+02 1.665649205380131948e-02 1.665599557949410184e-02
2.950000000000000000e+02 1.665564233163471450e-02 1.665574859640451058e-02
2.960000000000000000e+02 1.665601927454072803e-02 1.665549732311625425e-02
2.970000000000000000e+02 1.665615768279483586e-02 1.665552913652725009e-02
2.980000000000000000e+02 1.665554669333939655e-02 1.665664399264021878e-02
2.990000000000000000e+02 1.665575526270551485e-02 1.665623279416019245e-02
3.000000000000000000e+02 1.665621880154169107e-02 1.665620652497896287e-02
3.010000000000000000e+02 1.665596548215792297e-02 1.665632493434276995e-02
3.020000000000000000e+02 1.665635892582868760e-02 1.665656419506270428e-02
3.030000000000000000e+02 1.665647377099212928e-02 1.665576892529984851e-02
3.040000000000000000e+02 1.665652241518131293e-02 1.665647205492091706e-02
3.050000000000000000e+02 1.665673151258059009e-02 1.665643872342658163e-02
3.060000000000000000e+02 1.665593446075069872e-02 1.665698318189877750e-02
3.070000000000000000e+02 1.665654307410966220e-02 1.665720600789297873e-02
3.080000000000000000e+02 1.665698153181440974e-02 1.665589565102842604e-02
3.090000000000000000e+02 1.665652036909555031e-02 1.665596145595737293e-02
3.100000000000000000e+02 1.665623272816080941e-02 1.665605386011774838e-02
3.110000000000000000e+02 1.665683639128922797e-02 1.665734646223946888e-02
3.120000000000000000e+02 1.665621510536099623e-02 1.665647733517367293e-02
3.130000000000000000e+02 1.665663884441288822e-02 1.665685678621131247e-02
3.140000000000000000e+02 1.665690576040771906e-02 1.665749325280795751e-02
3.150000000000000000e+02 1.665716000383029444e-02 1.665611484685698349e-02
3.160000000000000000e+02 1.665593036856944514e-02 1.665654762832377567e-02
3.170000000000000000e+02 1.665635753978466846e-02 1.665604310165743132e-02
3.180000000000000000e+02 1.665691836698264192e-02 1.665631582590518592e-02
3.190000000000000000e+02 1.665696199493593363e-02 1.665664788682431202e-02
3.200000000000000000e+02 1.665695103843873454e-02 1.665663712834146437e-02
3.210000000000000000e+02 1.665599511747496014e-02 1.665700304878860172e-02
3.220000000000000000e+02 1.665632156818681875e-02 1.665639417140148820e-02
3.230000000000000000e+02 1.665604791983249858e-02 1.665628836865249568e-02
3.240000000000000000e+02 1.665563084711263117e-02 1.665735405254987339e-02
3.250000000000000000e+02 1.665620302684158241e-02 1.665635041145902343e-02
3.260000000000000000e+02 1.665620296083127408e-02 1.665627424401113638e-02
3.270000000000000000e+02 1.665740098066433028e-02 1.665655700075283768e-02
3.280000000000000000e+02 1.665606607067245115e-02 1.665571830102561407e-02
3.290000000000000000e+02 1.665614936639220334e-02 1.665700991309828141e-02
3.300000000000000000e+02 1.665654188605790106e-02 1.665680484187465407e-02
3.310000000000000000e+02 1.665629450695507371e-02 1.665640803204901377e-02
3.320000000000000000e+02 1.665620626095648191e-02 1.665608494751227159e-02
3.330000000000000000e+02 1.665640110172608365e-02 1.665819130019752584e-02
3.340000000000000000e+02 1.665605689623423508e-02 1.665774030191798788e-02
3.350000000000000000e+02 1.665660775701830604e-02 1.665677672460675121e-02
3.360000000000000000e+02 1.665707981023840240e-02 1.665627213193144468e-02
3.370000000000000000e+02 1.665631437384236177e-02 1.665713670478159367e-02
3.380000000000000000e+02 1.665771937898471305e-02 1.665700080468832459e-02
3.390000000000000000e+02 1.665739662448267530e-02 1.665668887467222636e-02
3.400000000000000000e+02 1.665717076231382557e-02 1.665768829157830699e-02
3.410000000000000000e+02 1.665637753867258222e-02 1.665590363740865679e-02
3.420000000000000000e+02 1.665621371929165359e-02 1.665602092465173420e-02
3.430000000000000000e+02 1.665600151975710208e-02 1.665686365051897294e-02
3.440000000000000000e+02 1.665621596342831828e-02 1.665704423462718506e-02
3.450000000000000000e+02 1.665585288108452355e-02 1.665723557724883147e-02
3.460000000000000000e+02 1.665752097407239077e-02 1.665697314944188448e-02
3.470000000000000000e+02 1.665646301250855305e-02 1.665748929264560668e-02
3.480000000000000000e+02 1.665789600290362021e-02 1.665734963036554633e-02
3.490000000000000000e+02 1.665672154612730937e-02 1.665755153344843087e-02
3.500000000000000000e+02 1.665604719382835289e-02 1.665538815419517066e-02
3.510000000000000000e+02 1.665603834941312145e-02 1.665723194708522772e-02
3.520000000000000000e+02 1.665657779166242539e-02 1.665696905725845209e-02
3.530000000000000000e+02 1.665710264726009276e-02 1.665666095540477287e-02
3.540000000000000000e+02 1.665643694135351960e-02 1.665649370389528025e-02
3.550000000000000000e+02 1.665755991582177839e-02 1.665699413838386475e-02
3.560000000000000000e+02 1.665744955882915435e-02 1.665693724382352747e-02
3.570000000000000000e+02 1.665703875637232489e-02 1.665759885755544595e-02
3.580000000000000000e+02 1.665659957265322802e-02 1.665755060941988969e-02
3.590000000000000000e+02 1.665813645174050311e-02 1.665718983715650317e-02
3.600000000000000000e+02 1.665686497056034776e-02 1.665636176395897047e-02
3.610000000000000000e+02 1.665742744786356810e-02 1.665687460699217040e-02
3.620000000000000000e+02 1.665624969092975236e-02 1.665736573509028068e-02
3.630000000000000000e+02 1.665693849787676026e-02 1.665716502005855360e-02
3.640000000000000000e+02 1.665702779989829824e-02 1.665695103845206762e-02
3.650000000000000000e+02 1.665684589570580118e-02 1.665748223032777198e-02
3.660000000000000000e+02 1.665703010999851699e-02 1.665667527803075740e-02
3.670000000000000000e+02 1.665713300862124366e-02 1.665793659475460486e-02
3.680000000000000000e+02 1.665648142733578210e-02 1.665728408941000160e-02
3.690000000000000000e+02 1.665713927886357942e-02 1.665753688079701228e-02
3.700000000000000000e+02 1.665699446838753151e-02 1.665728316539458187e-02
3.710000000000000000e+02 1.665712192012097290e-02 1.665742513774775418e-02
3.720000000000000000e+02 1.665707928222932496e-02 1.665746407949371746e-02
3.730000000000000000e+02 1.665777620753577243e-02 1.665746704965035546e-02
3.740000000000000000e+02 1.665808562944585958e-02 1.665774069793722612e-02
3.750000000000000000e+02 1.665731999501024463e-02 1.665851247065218074e-02
3.760000000000000000e+02 1.665710997358878578e-02 1.665870823542793880e-02
3.770000000000000000e+02 1.665692160111319903e-02 1.665715043339861465e-02
3.780000000000000000e+02 1.665735319451864399e-02 1.665771238266006149e-02
3.790000000000000000e+02 1.665688727956218460e-02 1.665657079536762841e-02
3.800000000000000000e+02 1.665811519876372881e-02 1.665713630879708113e-02
3.810000000000000000e+02 1.665721478630692934e-02 1.665718950716241209e-02
3.820000000000000000e+02 1.665746077935669617e-02 1.665665970132632068e-02
3.830000000000000000e+02 1.665722006652908121e-02 1.665701737142504316e-02
3.840000000000000000e+02 1.665594594525183353e-02 1.665729306582340585e-02
3.850000000000000000e+02 1.665769357182462010e-02 1.665768215330267962e-02
3.860000000000000000e+02 1.665707703811302939e-02 1.665798853909589497e-02
3.870000000000000000e+02 1.665647753315279561e-02 1.665808351734219400e-02
3.880000000000000000e+02 1.665715769373546373e-02 1.665699849460119258e-02
3.890000000000000000e+02 1.665771984102100423e-02 1.665729854406634847e-02
3.900000000000000000e+02 1.665768512344539473e-02 1.665690523238430240e-02
3.910000000000000000e+02 1.665773706777716467e-02 1.665708053628174243e-02
3.920000000000000000e+02 1.665730956657757514e-02 1.665727702709519573e-02
3.930000000000000000e+02 1.665716792418308473e-02 1.665725993232471808e-02
3.940000000000000000e+02 1.665734738626939437e-02 1.665774419608200690e-02
3.950000000000000000e+02 1.665626044940863790e-02 1.665750387928327872e-02
3.960000000000000000e+02 1.665572034712484856e-02 1.665801500627643594e-02
3.970000000000000000e+02 1.665770815847591318e-02 1.665726263843095994e-02
3.980000000000000000e+02 1.665608237338638692e-02 1.665876433797859255e-02
3.990000000000000000e+02 1.665709947912966810e-02 1.665653350366231439e-02
4.000000000000000000e+02 1.665680385181307274e-02 1.665681784447418240e-02
4.010000000000000000e+02 1.665677824265658288e-02 1.665749437485775780e-02
4.020000000000000000e+02 1.665692074307044759e-02 1.665756664813260873e-02
4.030000000000000000e+02 1.665804675370377227e-02 1.665731418678668280e-02
4.040000000000000000e+02 1.665867206577699433e-02 1.665730963253929733e-02
4.050000000000000000e+02 1.665702806390913920e-02 1.665653033553233034e-02
4.060000000000000000e+02 1.665729418786489335e-02 1.665707796213677927e-02
4.070000000000000000e+02 1.665653673781936767e-02 1.665811691484408302e-02
4.080000000000000000e+02 1.665655310655267743e-02 1.665734976235411224e-02
4.090000000000000000e+02 1.665720211372702375e-02 1.665734078595175818e-02
4.100000000000000000e+02 1.665810120615714499e-02 1.665807031678007838e-02
4.110000000000000000e+02 1.665734065394496033e-02 1.665728580548415938e-02
4.120000000000000000e+02 1.665661224520970096e-02 1.665764301355591656e-02
4.130000000000000000e+02 1.665823182600058294e-02 1.665788722451154447e-02
4.140000000000000000e+02 1.665807374888766956e-02 1.665682563281985218e-02
4.150000000000000000e+02 1.665759707546747917e-02 1.665695704472596600e-02
4.160000000000000000e+02 1.665826443147368219e-02 1.665756519604600153e-02
4.170000000000000000e+02 1.665696694516153112e-02 1.665701301524472391e-02
4.180000000000000000e+02 1.665828350633458133e-02 1.665730441833570066e-02
4.190000000000000000e+02 1.665651627690502984e-02 1.665794946533691312e-02
4.200000000000000000e+02 1.665754024691483079e-02 1.665860177265341552e-02
4.210000000000000000e+02 1.665809381383587598e-02 1.665785336501330802e-02
4.220000000000000000e+02 1.665815915673982128e-02 1.665842052848053381e-02
4.230000000000000000e+02 1.665641403827990835e-02 1.665712073207193181e-02
4.240000000000000000e+02 1.665751140363414678e-02 1.665773040148235337e-02
4.250000000000000000e+02 1.665782009950701748e-02 1.665669719105943372e-02
4.260000000000000000e+02 1.665780003460716127e-02 1.665754057695945783e-02
4.270000000000000000e+02 1.665720871403697512e-02 1.665825109887398084e-02
4.280000000000000000e+02 1.665732646331439734e-02 1.665680444586300699e-02
4.290000000000000000e+02 1.665798451288528700e-02 1.665660920908791295e-02
4.300000000000000000e+02 1.665812153506371004e-02 1.665742804186207821e-02
4.310000000000000000e+02 1.665739794451287850e-02 1.665675428361195615e-02
4.320000000000000000e+02 1.665665646720685192e-02 1.665774941032931861e-02
4.330000000000000000e+02 1.665730422032332680e-02 1.665842290461308148e-02
4.340000000000000000e+02 1.665764921782482075e-02 1.665744982285941728e-02
4.350000000000000000e+02 1.665717835268810260e-02 1.665699559044395150e-02
4.360000000000000000e+02 1.665797606453468804e-02 1.665784333256777397e-02
4.370000000000000000e+02 1.665764710573717014e-02 1.665823228802341613e-02
4.380000000000000000e+02 1.665765106590302164e-02 1.665789072267814461e-02
4.390000000000000000e+02 1.665736329296247167e-02 1.665816793513493974e-02
4.400000000000000000e+02 1.665681546836052587e-02 1.665763152901819991e-02
4.410000000000000000e+02 1.665792847636449192e-02 1.665650716847719495e-02
4.420000000000000000e+02 1.665748104225879545e-02 1.665768367137498290e-02
4.430000000000000000e+02 1.665729973213709789e-02 1.665678484297504133e-02
4.440000000000000000e+02 1.665680398382309718e-02 1.665727676306630323e-02
4.450000000000000000e+02 1.665769865405580807e-02 1.665793045646924223e-02
4.460000000000000000e+02 1.665787362790231707e-02 1.665818588796552993e-02
4.470000000000000000e+02 1.665707347394263654e-02 1.665807896314096606e-02
4.480000000000000000e+02 1.665801909844390888e-02 1.665748480441725521e-02
4.490000000000000000e+02 1.665716805621524771e-02 1.665848012917263074e-02
4.500000000000000000e+02 1.665702832792194388e-02 1.665686292446855524e-02
4.510000000000000000e+02 1.665830812543993983e-02 1.665668174636483409e-02
4.520000000000000000e+02 1.665731801495429557e-02 1.665718541497802213e-02
4.530000000000000000e+02 1.665702991198281940e-02 1.665778841808300895e-02
4.540000000000000000e+02 1.665829235073178552e-02 1.665885713809032997e-02
4.550000000000000000e+02 1.665783996639152997e-02 1.665823954837493751e-02
4.560000000000000000e+02 1.665816133484843836e-02 1.665754440510138976e-02
4.570000000000000000e+02 1.665769528792204052e-02 1.665784254052149124e-02
4.580000000000000000e+02 1.665770314223029638e-02 1.665821248716345057e-02
4.590000000000000000e+02 1.665768076724294042e-02 1.665787125181415751e-02
4.600000000000000000e+02 1.665788564045292755e-02 1.665844211148042459e-02
4.610000000000000000e+02 1.665758988116472147e-02 1.665810378025359487e-02
4.620000000000000000e+02 1.665717142234211454e-02 1.665659218030628164e-02
4.630000000000000000e+02 1.665780511682859316e-02 1.665882875684908740e-02
4.640000000000000000e+02 1.665863616018050178e-02 1.665818311581573202e-02
4.650000000000000000e+02 1.665787158182976263e-02 1.665697083930375508e-02
4.660000000000000000e+02 1.665804252948936692e-02 1.665789270278062589e-02
4.670000000000000000e+02 1.665742922993736913e-02 1.665802398266574141e-02
4.680000000000000000e+02 1.665776696713131000e-02 1.665884116540095744e-02
4.690000000000000000e+02 1.665738936416160526e-02 1.665799744946190597e-02
4.700000000000000000e+02 1.665732784938682778e-02 1.665881634828467531e-02
4.710000000000000000e+02 1.665706660965081409e-02 1.665873991685823743e-02
4.720000000000000000e+02 1.665762710682232653e-02 1.665804998787154614e-02
4.730000000000000000e+02 1.665800008960818465e-02 1.665814509811081034e-02
4.740000000000000000e+02 1.665731101863580227e-02 1.665670530940073502e-02
4.750000000000000000e+02 1.665741761340414420e-02 1.665737510750190178e-02
4.760000000000000000e+02 1.665775693467987442e-02 1.665645251801976118e-02
4.770000000000000000e+02 1.665859378627065207e-02 1.665752968649257884e-02
4.780000000000000000e+02 1.665770083212600797e-02 1.665825433300877068e-02
4.790000000000000000e+02 1.665827895214896937e-02 1.665734666022416696e-02
4.800000000000000000e+02 1.665679909959551577e-02 1.665827901812182155e-02
4.810000000000000000e+02 1.665711756394615273e-02 1.665792352616158115e-02
4.820000000000000000e+02 1.665788775253534970e-02 1.665871985195436014e-02
4.830000000000000000e+02 1.665772531924051073e-02 1.665755575763588209e-02
4.840000000000000000e+02 1.665782960392471479e-02 1.665819275226929769e-02
4.850000000000000000e+02 1.665780650291760756e-02 1.665981741526892379e-02
4.860000000000000000e+02 1.665749760902200324e-02 1.665867305583939098e-02
4.870000000000000000e+02 1.665753932287199202e-02 1.665841762437495974e-02
4.880000000000000000e+02 1.665921896638030211e-02 1.665842587474039571e-02
4.890000000000000000e+02 1.665730402232034474e-02 1.665738982615459080e-02
4.900000000000000000e+02 1.665781052908414661e-02 1.665805790819959234e-02
4.910000000000000000e+02 1.665716482206512986e-02 1.665813757377189105e-02
4.920000000000000000e+02 1.665748533246048241e-02 1.665845887621434165e-02
4.930000000000000000e+02 1.665755311748032957e-02 1.665784425659642617e-02
4.940000000000000000e+02 1.665779026618535025e-02 1.665694377811881288e-02
4.950000000000000000e+02 1.665798187279409273e-02 1.665836191786137024e-02
4.960000000000000000e+02 1.665749411085816825e-02 1.665822067149751520e-02
4.970000000000000000e+02 1.665800286169004038e-02 1.665827070173728913e-02
4.980000000000000000e+02 1.665752486822831904e-02 1.665841881241576783e-02
4.990000000000000000e+02 1.665836785812810708e-02 1.665791204165911754e-02
5.000000000000000000e+02 1.665685731425483457e-02 1.665606178045662619e-02
